appointment_key,appointment_count,first_year,last_year,name,position,org,year_span
(tracy) denise cassidy|member|environment and local government,1,2024,2024,(Tracy) Denise Cassidy,member,Environment and Local Government,0
a. kent robinson|his majesty’s counsel|executive council office,1,2023,2023,A. Kent Robinson,His Majesty’s Counsel,Executive Council Office,0
a. kent robinson|reviewing officer|justice,1,2014,2014,A. Kent Robinson,reviewing officer,Justice,0
aaron blake kennedy|member of the executive council|executive council office,1,2024,2024,Aaron Blake Kennedy,member of the Executive Council,Executive Council Office,0
aaron blake kennedy|minister of local government|executive council office,1,2024,2024,Aaron Blake Kennedy,Minister of Local Government,Executive Council Office,0
abby l. derrah|deputy sheriff|public safety,1,2019,2019,Abby L. Derrah,Deputy Sheriff,Public Safety,0
adam bertolini|deputy sheriff|justice,2,2014,2015,Adam Bertolini,Deputy Sheriff,Justice,1
"adam donnelly|board of directors, member representing employers|post-secondary education training and labour",1,2023,2023,Adam Donnelly,"Board of Directors, member representing employers",Post-Secondary Education Training and Labour,0
adam roberts|occupational health and safety officer|post-secondary education training and labour,1,2016,2016,Adam Roberts,Occupational Health and Safety Officer,Post-Secondary Education Training and Labour,0
adam rosborough|deputy sheriff|public safety,1,2019,2019,Adam Rosborough,Deputy Sheriff,Public Safety,0
adam sturgeon|deputy sheriff|public safety,1,2019,2019,Adam Sturgeon,Deputy Sheriff,Public Safety,0
adolphe goulette|supervisor|environment and local government,1,2013,2013,Adolphe Goulette,supervisor,Environment and Local Government,0
adrien léger|member representing region two|environment and local government,1,2014,2014,Adrien Léger,Member representing Region Two,Environment and Local Government,0
aide° nadeau|member|post-secondary education training and labour,1,2013,2013,Aide° Nadeau,member,Post-Secondary Education Training and Labour,0
aissatou barry|member of the board of governors|post-secondary education training and labour,1,2023,2023,Aissatou Barry,member of the Board of Governors,Post-Secondary Education Training and Labour,0
al kavanaugh|member|finance,1,2016,2016,Al Kavanaugh,member,Finance,0
"alain basque|acting deputy minister of tourism, heritage and culture|executive council office",1,2019,2019,Alain Basque,"Acting Deputy Minister of Tourism, Heritage and Culture",Executive Council Office,0
"alain basque|acting deputy minister of tourism, heritage and culture|tourism, heritage and culture",1,2014,2014,Alain Basque,"Acting Deputy Minister of Tourism, Heritage and Culture","Tourism, Heritage and Culture",0
"alain boisvert|member|tourism, heritage and culture",2,2016,2019,Alain Boisvert,member,"Tourism, Heritage and Culture",3
alain bosse|director|energy and mines,1,2015,2015,Alain Bosse,director,Energy and Mines,0
alain bosse|director|natural resources and energy development,1,2020,2020,Alain Bosse,director,Natural Resources and Energy Development,0
alain bossé|director|energy and resource development,1,2019,2019,Alain Bossé,Director,Energy and Resource Development,0
alain gallant|coroner|public safety,1,2013,2013,Alain Gallant,coroner,Public Safety,0
alain lavoie|deputy sheriff|justice and public safety,1,2017,2017,Alain Lavoie,Deputy Sheriff,Justice and Public Safety,0
alain tremblay|coroner|justice and public safety,1,2017,2017,Alain Tremblay,Coroner,Justice and Public Safety,0
alan e craig|member|justice and public safety,1,2021,2021,Alan E Craig,member,Justice and Public Safety,0
alan roy|chief executive officer|executive council office,1,2016,2016,Alan Roy,Chief Executive Officer,Executive Council Office,0
aldean higgins-harris|member|education and early childhood development,1,2017,2017,Aldean Higgins-Harris,member,Education and Early Childhood Development,0
aldeo poirier|member|post-secondary education training and labour,1,2013,2013,Aldeo Poirier,member,Post-Secondary Education Training and Labour,0
aldo k. kebaya|student member|post-secondary education training and labour,1,2013,2013,Aldo K. Kebaya,Student Member,Post-Secondary Education Training and Labour,0
aldrice comeau|returning officer|executive council office,1,2017,2017,Aldrice Comeau,Returning Officer,Executive Council Office,0
alex berry|member|environment and local government,1,2023,2023,Alex Berry,Member,Environment and Local Government,0
alex livingston|member|environment and local government,1,2017,2017,Alex Livingston,member,Environment and Local Government,0
alexander (sandy) bastarache|alternate member|environment and local government,1,2023,2023,Alexander (Sandy) Bastarache,alternate member,Environment and Local Government,0
alexander d. livingstone|member representing region eight|environment and local government,1,2014,2014,Alexander D. Livingstone,Member representing Region Eight,Environment and Local Government,0
alexandra davis|member of the board of directors|new brunswick housing corporation,1,2023,2023,Alexandra Davis,member of the Board of Directors,New Brunswick Housing Corporation,0
alexandra lebreton|lay representative|health,1,2023,2023,Alexandra LeBreton,lay representative,Health,0
alexandra lebreton|vice-chairperson|post-secondary education training and labour,1,2024,2024,Alexandra LeBreton,Vice-Chairperson,Post-Secondary Education Training and Labour,0
alexandre deschenes|conflict of interest commissioner|executive council office,1,2016,2016,Alexandre Deschenes,Conflict of Interest Commissioner,Executive Council Office,0
alexandre deschenes|her majesty's counsel|office of the attorney general,1,2016,2016,Alexandre Deschenes,Her Majesty's Counsel,Office of the Attorney General,0
alfred landry|conflict of interest commissioner|executive council office,1,2013,2013,Alfred Landry,Conflict of Interest Commissioner,Executive Council Office,0
alina m. anghel|provincial analyst|public safety,1,2019,2019,Alina M. Anghel,provincial analyst,Public Safety,0
alison j. ménard|his majesty’s counsel|justice and public safety,1,2024,2024,Alison J. Ménard,His Majesty’s Counsel,Justice and Public Safety,0
alison jane martin|coroners|public safety,1,2019,2019,Alison Jane Martin,coroners,Public Safety,0
alison r. gallagher|returning officer|executive council office,1,2019,2019,Alison R. Gallagher,Returning Officer,Executive Council Office,0
allan thibodeau|deputy sheriff|justice,1,2014,2014,Allan Thibodeau,Deputy Sheriff,Justice,0
allan thibodeau|sheriff|justice and public safety,1,2016,2016,Allan Thibodeau,Sheriff,Justice and Public Safety,0
allison mccain|chancellor|post-secondary education training and labour,2,2013,2018,Allison McCain,Chancellor,Post-Secondary Education Training and Labour,5
allison walker|chair of the board of directors|social development,1,2019,2019,Allison Walker,Chair of the Board of Directors,Social Development,0
"allison walker|chair of the board of directors|tourism, heritage and culture",3,2017,2022,Allison Walker,Chair of the Board of Directors,"Tourism, Heritage and Culture",5
"allison walker|director|tourism, heritage and culture",1,2022,2022,Allison Walker,director,"Tourism, Heritage and Culture",0
allison walker|member of the board of directors|social development,1,2019,2019,Allison Walker,member of the Board of Directors,Social Development,0
"allison walker|member of the board of directors|tourism, heritage and culture",1,2014,2014,Allison Walker,member of the Board of Directors,"Tourism, Heritage and Culture",0
"allison walker|member|tourism, heritage and culture",1,2019,2019,Allison Walker,member,"Tourism, Heritage and Culture",0
alyson jean townsend|member of the executive council|executive council office,1,2024,2024,Alyson Jean Townsend,member of the Executive Council,Executive Council Office,0
"alyson jean townsend|minister of post-secondary education, training and labour|executive council office",1,2024,2024,Alyson Jean Townsend,"Minister of Post-Secondary Education, Training and Labour",Executive Council Office,0
alyson townsend|member of treasury board|executive council office,1,2024,2024,Alyson Townsend,Member of Treasury Board,Executive Council Office,0
amanda fairley|returning officer|executive council office,1,2021,2021,Amanda Fairley,Returning Officer,Executive Council Office,0
amanda j. evans|administrator|justice and attorney general,1,2013,2013,Amanda J. Evans,Administrator,Justice and Attorney General,0
amanda j. evans|clerk|justice and attorney general,2,2013,2013,Amanda J. Evans,Clerk,Justice and Attorney General,0
amanda j. evans|small claim adjudicator|justice and attorney general,1,2019,2019,Amanda J. Evans,Small Claim Adjudicator,Justice and Attorney General,0
amanda leblanc|member|executive council office,1,2022,2022,Amanda LeBlanc,member,Executive Council Office,0
amanda mitchell|clerk and treasurer|environment and local government,2,2020,2021,Amanda Mitchell,Clerk and Treasurer,Environment and Local Government,1
amanda wilson|deputy sheriff|public safety,1,2019,2019,Amanda Wilson,Deputy Sheriff,Public Safety,0
amanda wood|deputy sheriff|justice,2,2014,2015,Amanda Wood,Deputy Sheriff,Justice,1
amelia barry|member representing a provincial agency|office of the premier,1,2016,2016,Amelia Barry,member representing a Provincial Agency,Office of the Premier,0
amelie aikman|worker's advocate|post-secondary education training and labour,1,2017,2017,Amelie Aikman,Worker's Advocate,Post-Secondary Education Training and Labour,0
amelie deschenes|director|social development,1,2013,2013,Amelie Deschenes,director,Social Development,0
amy desjardins|member|post-secondary education training and labour,1,2021,2021,Amy Desjardins,Member,Post-Secondary Education Training and Labour,0
amy flynn|member|health,1,2015,2015,Amy Flynn,member,Health,0
amy murdock|comptroller|executive council office,1,2022,2022,Amy Murdock,Comptroller,Executive Council Office,0
"amy pidt|member|tourism, heritage and culture",3,2017,2023,Amy Pidt,member,"Tourism, Heritage and Culture",6
amy shanks|member|social development,1,2021,2021,Amy Shanks,member,Social Development,0
amy stewart|alternate chair|health,1,2022,2022,Amy Stewart,Alternate Chair,Health,0
amy stewart|member|justice and public safety,1,2022,2022,Amy Stewart,member,Justice and Public Safety,0
amélie deschénes|director|social development,2,2014,2018,Amélie Deschénes,Director,Social Development,4
anat ziv|member|social development,1,2021,2021,Anat Ziv,member,Social Development,0
andre ouellet|deputy sheriff|justice,1,2015,2015,Andre Ouellet,Deputy Sheriff,Justice,0
andrea anderson-mason|her majesty's counsel|executive council office,1,2018,2018,Andrea Anderson-Mason,Her Majesty's Counsel,Executive Council Office,0
andrea anderson-mason|members of the executive council|executive council office,1,2018,2018,Andrea Anderson-Mason,members of the Executive Council,Executive Council Office,0
"andrea anderson-mason|minister of justice, attorney general|executive council office",1,2019,2019,Andrea Anderson-Mason,"Minister of Justice, Attorney General",Executive Council Office,0
"andrea draper-calhoun|administrator of the court of king’s bench — family division, clerk of the court of king’s bench - trial division, clerk of the probate court|justice and public safety",1,2024,2024,Andrea Draper-Calhoun,"Administrator of the Court of King’s Bench — Family Division, Clerk of the Court of King’s Bench - Trial Division, Clerk of the Probate Court",Justice and Public Safety,0
andrea feunekes|member of the board of directors|executive council office,1,2020,2020,Andrea Feunekes,member of the Board of Directors,Executive Council Office,0
andrea hull|administrator|justice and attorney general,1,2018,2018,Andrea Hull,Administrator,Justice and Attorney General,0
andrea hull|clerk|justice and attorney general,2,2018,2018,Andrea Hull,Clerk,Justice and Attorney General,0
andrea hull|deputy registrar|justice and attorney general,1,2018,2018,Andrea Hull,Deputy Registrar,Justice and Attorney General,0
andrea lane|deputy sheriff|justice and public safety,1,2017,2017,Andrea Lane,Deputy Sheriff,Justice and Public Safety,0
andrea leger|municipal returning officer|elections new brunswick,1,2020,2020,Andrea Leger,municipal returning officer,Elections New Brunswick,0
andrea leger|returning officer|elections new brunswick,2,2013,2013,Andrea Leger,returning officer,Elections New Brunswick,0
andrea leger|returning officer|executive council office,1,2020,2020,Andrea Leger,Returning Officer,Executive Council Office,0
andrea m. foister|her majesty's counsel|justice and public safety,1,2020,2020,Andrea M. Foister,Her Majesty's Counsel,Justice and Public Safety,0
andrea stierle-macneill|lay representative|health,2,2016,2018,Andrea Stierle-MacNeill,lay representative,Health,2
andrea wilbur|residential tenancies officer|service new brunswick,1,2020,2020,Andrea Wilbur,Residential Tenancies Officer,Service New Brunswick,0
andree michaud|deputy sheriff|justice,1,2014,2014,Andree Michaud,Deputy Sheriff,Justice,0
andree poitras|vice-chair|education and early childhood development,1,2020,2020,Andree Poitras,Vice-Chair,Education and Early Childhood Development,0
andree savoie|member of the board of directors|executive council office,1,2020,2020,Andree Savoie,member of the Board of Directors,Executive Council Office,0
andrew costin|vice-chair|environment and local government,1,2023,2023,Andrew Costin,Vice-Chair,Environment and Local Government,0
andrew daley|chair|office of the premier,2,2017,2017,Andrew Daley,Chair,Office of the Premier,0
andrew daley|member|office of the premier,2,2013,2015,Andrew Daley,member,Office of the Premier,2
andrew dawson|member|justice,1,2014,2014,Andrew Dawson,member,Justice,0
andrew dawson|vice-chair|post-secondary education training and labour,1,2024,2024,Andrew Dawson,Vice-Chair,Post-Secondary Education Training and Labour,0
"andrew dixon|member|tourism, heritage and culture",3,2013,2021,Andrew Dixon,member,"Tourism, Heritage and Culture",8
andrew elliott|representative of the forest industry|natural resources,1,2013,2013,Andrew Elliott,representative of the forest industry,Natural Resources,0
andrew green|chair|energy and resource development,1,2018,2018,Andrew Green,Chair,Energy and Resource Development,0
"andrew harvey|acting minister of agriculture, mines and rural affairs|executive council office",1,2018,2018,Andrew Harvey,"Acting Minister of Agriculture, Mines and Rural Affairs",Executive Council Office,0
andrew harvey|member of the executive council|executive council office,1,2017,2017,Andrew Harvey,member of the Executive Council,Executive Council Office,0
"andrew harvey|minister of agriculture, mines and rural affairs|executive council office",1,2017,2017,Andrew Harvey,"Minister of Agriculture, Mines and Rural Affairs",Executive Council Office,0
andrew harvey|minister of environment and local government|executive council office,2,2018,2018,Andrew Harvey,Minister of Environment and Local Government,Executive Council Office,0
andrew lajoie|deputy sheriff|justice,2,2014,2015,Andrew Lajoie,Deputy Sheriff,Justice,1
andrew macgillivray|chair of the board of directors|natural resources and energy development,1,2023,2023,Andrew MacGillivray,Chair of the Board of Directors,Natural Resources and Energy Development,0
andrew macgillivray|director|energy and mines,1,2015,2015,Andrew MacGillivray,director,Energy and Mines,0
andrew macgillivray|director|energy and resource development,1,2019,2019,Andrew MacGillivray,Director,Energy and Resource Development,0
andrew macgillivray|director|natural resources and energy development,1,2023,2023,Andrew MacGillivray,director,Natural Resources and Energy Development,0
andrew macgillivray|vice-chair|energy and resource development,1,2019,2019,Andrew MacGillivray,Vice-Chair,Energy and Resource Development,0
andrew mclaughlin|member of the board of directors|executive council office,2,2020,2023,Andrew McLaughlin,member of the Board of Directors,Executive Council Office,3
andrew mclaughlin|vice-chairperson|executive council office,1,2024,2024,Andrew McLaughlin,Vice-Chairperson,Executive Council Office,0
andrew reid|deputy sheriff|justice,1,2015,2015,Andrew Reid,Deputy Sheriff,Justice,0
andrew sullivan|member|environment and local government,1,2021,2021,Andrew Sullivan,Member,Environment and Local Government,0
andrew wood|returning officer|elections new brunswick,1,2013,2013,Andrew Wood,Returning Officer,Elections New Brunswick,0
andrew wood|small claims adjudicator|justice and public safety,1,2017,2017,Andrew Wood,Small Claims Adjudicator,Justice and Public Safety,0
andré laplante|lay representative|office of the premier,1,2013,2013,André LaPlante,lay representative,Office of the Premier,0
andrée poitras|vice-chair representing the french language|education and early childhood development,1,2024,2024,Andrée Poitras,Vice-Chair representing the French language,Education and Early Childhood Development,0
andrée savoie|vice-chair|executive council office,2,2022,2022,Andrée Savoie,Vice-Chair,Executive Council Office,0
andy flanagan|member representing the public|education and early childhood development,1,2024,2024,Andy Flanagan,member representing the public,Education and Early Childhood Development,0
angel michaud|member of the board of directors|post-secondary education training and labour,1,2017,2017,Angel Michaud,member of the Board of Directors,Post-Secondary Education Training and Labour,0
angela breau caissie|alternate member|environment and local government,2,2017,2020,Angela Breau Caissie,alternate member,Environment and Local Government,3
angela breau caissie|member|environment and local government,2,2020,2023,Angela Breau Caissie,member,Environment and Local Government,3
angela francoeur|occupational health and safety officer|post-secondary education training and labour,1,2015,2015,Angela Francoeur,Occupational Health and Safety Officer,Post-Secondary Education Training and Labour,0
angele collette|member|office of the premier,1,2019,2019,Angele Collette,member,Office of the Premier,0
angie walton|member|environment and local government,1,2017,2017,Angie Walton,member,Environment and Local Government,0
anik bosse|vice-chairpersons|post-secondary education training and labour,1,2015,2015,Anik Bosse,Vice-Chairpersons,Post-Secondary Education Training and Labour,0
anik bosse|vice-chairperson|post-secondary education training and labour,1,2018,2018,Anik Bosse,Vice-Chairperson,Post-Secondary Education Training and Labour,0
anik bossé|vice-chairperson|post-secondary education training and labour,1,2021,2021,Anik Bossé,Vice-Chairperson,Post-Secondary Education Training and Labour,0
anita leger-macdonald|returning officer|executive council office,1,2017,2017,Anita Leger-MacDonald,Returning Officer,Executive Council Office,0
ann collins|member|health,2,2022,2024,Ann Collins,member,Health,2
ann marie gillis|returning officer|executive council office,2,2017,2017,Ann Marie Gillis,Returning Officer,Executive Council Office,0
ann seamans|member of the board of directors|new brunswick housing corporation,1,2023,2023,Ann Seamans,member of the Board of Directors,New Brunswick Housing Corporation,0
anna goddard|trustee|post-secondary education training and labour,2,2014,2017,Anna Goddard,trustee,Post-Secondary Education Training and Labour,3
anna riordon|member|health,1,2021,2021,Anna Riordon,member,Health,0
anne bard-lavigne|member|justice and public safety,1,2020,2020,Anne Bard-Lavigne,member,Justice and Public Safety,0
anne bertrand|acting conflict of interest commissioner|executive council office,1,2015,2015,Anne Bertrand,Acting Conflict of Interest Commissioner,Executive Council Office,0
anne bertrand|board of directors|energy and resource development,1,2019,2019,Anne Bertrand,board of directors,Energy and Resource Development,0
anne bertrand|director of the board of directors|energy and resource development,1,2018,2018,Anne Bertrand,Director of the board of directors,Energy and Resource Development,0
anne caverhill|public representative on the board of directors|health,1,2024,2024,Anne Caverhill,public representative on the Board of Directors,Health,0
anne gauvin|member|post-secondary education training and labour,1,2018,2018,Anne Gauvin,member,Post-Secondary Education Training and Labour,0
anne gauvin|trustee|post-secondary education training and labour,1,2014,2014,Anne Gauvin,trustee,Post-Secondary Education Training and Labour,0
anne hebert|person nominated by the board|post-secondary education training and labour,1,2015,2015,Anne Hebert,person nominated by the Board,Post-Secondary Education Training and Labour,0
anne m. richard|small claim adjudicator|justice and attorney general,1,2019,2019,Anne M. Richard,Small Claim Adjudicator,Justice and Attorney General,0
anne macknight|member of the board of examiners|natural resources,1,2015,2015,Anne MacKnight,member of the Board of Examiners,Natural Resources,0
anne mckay|chief sheriff|public safety,1,2014,2014,Anne McKay,Chief Sheriff,Public Safety,0
anne mckay|member|social development,1,2018,2018,Anne McKay,member,Social Development,0
anne mckay|sheriff|public safety,1,2014,2014,Anne McKay,sheriff,Public Safety,0
anne richard|case management master|justice and public safety,2,2018,2021,Anne Richard,Case Management Master,Justice and Public Safety,3
anne richard|emergency adjudicative officer|justice and public safety,1,2018,2018,Anne Richard,Emergency Adjudicative Officer,Justice and Public Safety,0
anne richard|provincial court judge|justice and public safety,1,2021,2021,Anne Richard,Provincial Court Judge,Justice and Public Safety,0
anne turcotte|returning officer|executive council office,1,2017,2017,Anne Turcotte,Returning Officer,Executive Council Office,0
anne-marie caissie mccleave|member|health,1,2013,2013,Anne-Marie Caissie McCleave,member,Health,0
anne-marie savoie|deputy sheriff|justice,1,2014,2014,Anne-Marie Savoie,Deputy Sheriff,Justice,0
annette comeau|member|executive council office,3,2019,2023,Annette Comeau,member,Executive Council Office,4
annie c. daneault|members of the board of directors|justice,1,2015,2015,Annie C. Daneault,members of the Board of Directors,Justice,0
annie chiasson doiron|member|executive council office,1,2021,2021,Annie Chiasson Doiron,member,Executive Council Office,0
annie chiasson doiron|member|office of the premier,3,2017,2019,Annie Chiasson Doiron,member,Office of the Premier,2
annie daneault|member of the board of directors|justice and attorney general,1,2020,2020,Annie Daneault,member of the Board of Directors,Justice and Attorney General,0
annie daneault|vice-chair|post-secondary education training and labour,4,2013,2022,Annie Daneault,Vice-Chair,Post-Secondary Education Training and Labour,9
"annie ferguson|alternate member|agriculture, aquaculture and fisheries",1,2023,2023,Annie Ferguson,Alternate Member,"Agriculture, Aquaculture and Fisheries",0
annie gagné|clerk and treasurer|environment and local government,2,2021,2021,Annie Gagné,Clerk and Treasurer,Environment and Local Government,0
annie guitard|commission member|post-secondary education training and labour,1,2020,2020,Annie Guitard,Commission Member,Post-Secondary Education Training and Labour,0
annie guitard|member|health,1,2021,2021,Annie Guitard,member,Health,0
annie pellerin|member|finance and treasury board,1,2022,2022,Annie Pellerin,member,Finance and Treasury Board,0
"anthony coulombe|clerk of the court of king's bench of new brunswick - trial division, administrator of the court of king's bench of new brunswick - family division and clerk of the probate court of new brunswick|justice and public safety",1,2024,2024,Anthony Coulombe,"Clerk of the Court of King's Bench of New Brunswick - Trial Division, Administrator of the Court of King's Bench of New Brunswick - Family Division and Clerk of the Probate Court of New Brunswick",Justice and Public Safety,0
anthony michaelson|deputy sheriff|justice,1,2014,2014,Anthony Michaelson,Deputy Sheriff,Justice,0
anthony wilkins|members of the board of examiners for compressed gas|public safety,1,2020,2020,Anthony Wilkins,members of the Board of Examiners for Compressed Gas,Public Safety,0
anthony wilkins|member|justice and public safety,1,2017,2017,Anthony Wilkins,member,Justice and Public Safety,0
antony peters|deputy sheriff|public safety,1,2019,2019,Antony Peters,Deputy Sheriff,Public Safety,0
"april sexsmith|member|agriculture, aquaculture and fisheries",1,2021,2021,April Sexsmith,member,"Agriculture, Aquaculture and Fisheries",0
ari kaplan|sustainable pension plan authority|finance and treasury board,1,2024,2024,Ari Kaplan,Sustainable Pension Plan Authority,Finance and Treasury Board,0
arlene dunn|member of the executive council|executive council office,1,2020,2020,Arlene Dunn,member of the Executive Council,Executive Council Office,0
arlene dunn|minister of aboriginal affairs|executive council office,1,2020,2020,Arlene Dunn,Minister of Aboriginal Affairs,Executive Council Office,0
arlene dunn|minister of indigenous affairs|indigenous affairs,1,2023,2023,Arlene Dunn,Minister of Indigenous Affairs,Indigenous Affairs,0
"arlene dunn|minister of post-secondary education, training and labour|executive council office",1,2023,2023,Arlene Dunn,"Minister of Post-Secondary Education, Training and Labour",Executive Council Office,0
armand leblanc|members|office of the premier,1,2013,2013,Armand Leblanc,members,Office of the Premier,0
armand leblanc|member|office of the premier,1,2013,2013,Armand Leblanc,member,Office of the Premier,0
armand leblanc|municipal returning officer|elections new brunswick,1,2013,2013,Armand LeBlanc,municipal returning officer,Elections New Brunswick,0
armand leblanc|returning officer|executive council office,1,2019,2019,Armand LeBlanc,Returning Officer,Executive Council Office,0
"arséne roussel|member|agriculture, aquaculture and fisheries",1,2018,2018,Arséne Roussel,member,"Agriculture, Aquaculture and Fisheries",0
arthur doyle|member of the board of directors|finance; new brunswick liquor corporation,1,2017,2017,Arthur Doyle,Member of the Board of Directors,Finance; New Brunswick Liquor Corporation,0
arthur macdonald|deputy sheriff|justice,1,2014,2014,Arthur MacDonald,Deputy Sheriff,Justice,0
arthur p. sisk|returning officer|executive council office,1,2019,2019,Arthur P. Sisk,Returning Officer,Executive Council Office,0
ashley demerchant|deputy sheriff|justice,1,2014,2014,Ashley Demerchant,Deputy Sheriff,Justice,0
ashley demerchant|deputy sheriff|public safety,1,2019,2019,Ashley Demerchant,Deputy Sheriff,Public Safety,0
ashley king|member of the board of directors|social development,1,2022,2022,Ashley King,member of the Board of Directors,Social Development,0
asif hasan|trustee|post-secondary education training and labour,1,2022,2022,Asif Hasan,trustee,Post-Secondary Education Training and Labour,0
aubrey macleod|coroners|public safety,1,2019,2019,Aubrey Macleod,coroners,Public Safety,0
audrey lampert|member|post-secondary education training and labour,1,2016,2016,Audrey Lampert,member,Post-Secondary Education Training and Labour,0
audrey poitras|member|executive council office,1,2017,2017,Audrey Poitras,member,Executive Council Office,0
augustina lanteigne|returning officer|executive council office,1,2019,2019,Augustina Lanteigne,Returning Officer,Executive Council Office,0
aurelien langteigne|returning officer|elections new brunswick,1,2013,2013,Aurelien Langteigne,Returning Officer,Elections New Brunswick,0
aurelien pallot|coroner|public safety,1,2013,2013,Aurelien Pallot,coroner,Public Safety,0
auréle st-amand|deputy sheriff|justice,1,2014,2014,Auréle St-Amand,Deputy Sheriff,Justice,0
ava hiltz|member|health,1,2024,2024,Ava Hiltz,member,Health,0
avis fitton|returning officer|executive council office,2,2017,2017,Avis Fitton,Returning Officer,Executive Council Office,0
"aynslie croney|member of the board of governors, peer-selected academic staff member|post-secondary education training and labour",1,2019,2019,Aynslie Croney,"member of the Board of Governors, peer-selected academic staff member",Post-Secondary Education Training and Labour,0
aynslie croney|member of the board of governors|post-secondary education training and labour,1,2022,2022,Aynslie Croney,member of the Board of Governors,Post-Secondary Education Training and Labour,0
barbara allen|returning officer|elections new brunswick,1,2013,2013,Barbara Allen,Returning Officer,Elections New Brunswick,0
barbara jessome|trustee from the public at large|post-secondary education training and labour,1,2019,2019,Barbara Jessome,trustee from the public at large,Post-Secondary Education Training and Labour,0
barbara leger|member of the family income security appeal board|social development,1,2015,2015,Barbara Leger,Member of the Family Income Security Appeal Board,Social Development,0
barbara mcclenaghan|member|post-secondary education training and labour,1,2013,2013,Barbara McClenaghan,member,Post-Secondary Education Training and Labour,0
barbara mcfarlane|member of the board of directors|environment and local government,1,2023,2023,Barbara McFarlane,member of the Board of Directors,Environment and Local Government,0
barbara mckinley|board of governors|post-secondary education training and labour,1,2016,2016,Barbara McKinley,Board of Governors,Post-Secondary Education Training and Labour,0
barbara trenholm|director of the board of directors|energy and resource development,1,2018,2018,Barbara Trenholm,Director of the board of directors,Energy and Resource Development,0
barbara trenholm|director|energy and mines,1,2014,2014,Barbara Trenholm,director,Energy and Mines,0
barbara trenholm|director|energy and resource development,1,2019,2019,Barbara Trenholm,Director,Energy and Resource Development,0
barbara trenholm|director|natural resources and energy development,1,2020,2020,Barbara Trenholm,director,Natural Resources and Energy Development,0
barbara trenholm|interim member|energy and resource development; finance,1,2017,2017,Barbara Trenholm,interim member,Energy and Resource Development; Finance,0
barbara whitenect|director|social development,1,2021,2021,Barbara Whitenect,director,Social Development,0
barbara whitenect|registrar of gaming control|justice and public safety,1,2016,2016,Barbara Whitenect,Registrar of Gaming Control,Justice and Public Safety,0
barry cooper|member|post-secondary education training and labour,1,2013,2013,Barry Cooper,member,Post-Secondary Education Training and Labour,0
barry kyle|chairperson|executive council office,1,2024,2024,Barry Kyle,Chairperson,Executive Council Office,0
barry kyle|member|executive council office,1,2022,2022,Barry Kyle,Member,Executive Council Office,0
belinda kumar|worker's advocate|post-secondary education training and labour,1,2013,2013,Belinda Kumar,Worker's Advocate,Post-Secondary Education Training and Labour,0
ben mersereau|director|social development,1,2022,2022,Ben Mersereau,Director,Social Development,0
"benjamin beaulieu|member for the north (zones 4, 5 and 6)|health",1,2013,2013,Benjamin Beaulieu,"member for the North (Zones 4, 5 and 6)",Health,0
benjamin wolthers|member|post-secondary education training and labour,1,2018,2018,Benjamin Wolthers,member,Post-Secondary Education Training and Labour,0
benoit albert|member|environment and local government,1,2017,2017,Benoit Albert,member,Environment and Local Government,0
"benoit bergeron|alternate member (psychiatrist) of the mental health review boards for zones 1, 2, 3 and 7 (south)|health",1,2021,2021,Benoit Bergeron,"alternate member (psychiatrist) of the Mental Health Review Boards for zones 1, 2, 3 and 7 (South)",Health,0
benoit bourque|acting minister of aquaculture and fisheries|executive council office,1,2018,2018,Benoit Bourque,Acting Minister of Aquaculture and Fisheries,Executive Council Office,0
benoit bourque|member|executive council office,3,2017,2018,Benoit Bourque,member,Executive Council Office,1
benoit bourque|minister of health|executive council office,2,2017,2018,Benoit Bourque,Minister of Health,Executive Council Office,1
benoit bourque|minister of service new brunswick|executive council office,2,2018,2018,Benoit Bourque,Minister of Service New Brunswick,Executive Council Office,0
benoit cyr|returning officer|executive council office,1,2020,2020,Benoit Cyr,Returning Officer,Executive Council Office,0
"benson milner|member|agriculture, aquaculture and fisheries",3,2018,2024,Benson Milner,Member,"Agriculture, Aquaculture and Fisheries",6
bernard arseneau|voting member of the board of directors|justice and public safety,1,2022,2022,Bernard Arseneau,voting member of the Board of Directors,Justice and Public Safety,0
bernard bourque|trustee representing the new brunswick public libraries board|post-secondary education training and labour,1,2019,2019,Bernard Bourque,trustee representing the New Brunswick Public Libraries Board,Post-Secondary Education Training and Labour,0
bernard gautreau|member|finance,1,2016,2016,Bernard Gautreau,member,Finance,0
bernard l. leblanc|vice-chairperson|post-secondary education training and labour,1,2020,2020,Bernard L. LeBlanc,Vice-Chairperson,Post-Secondary Education Training and Labour,0
bernard leblanc|vice-chairperson|post-secondary education training and labour,1,2023,2023,Bernard LeBlanc,Vice-Chairperson,Post-Secondary Education Training and Labour,0
bernard leblanc|vice-chair|post-secondary education training and labour,2,2021,2024,Bernard LeBlanc,Vice-Chair,Post-Secondary Education Training and Labour,3
bernard morin|member|economic development,1,2014,2014,Bernard Morin,member,Economic Development,0
bernard morin|member|executive council office,2,2018,2022,Bernard Morin,member,Executive Council Office,4
"bernard savoie|member|agriculture, aquaculture and fisheries",1,2013,2013,Bernard Savoie,member,"Agriculture, Aquaculture and Fisheries",0
bernard t. leblanc|adjudicator|public safety,2,2019,2019,Bernard T. LeBlanc,adjudicator,Public Safety,0
bernice williams|returning officer|executive council office,1,2019,2019,Bernice Williams,Returning Officer,Executive Council Office,0
"bernie riordon|governor|tourism, heritage and culture",1,2021,2021,Bernie Riordon,governor,"Tourism, Heritage and Culture",0
bert cyr|alternate chair|health,1,2020,2020,Bert Cyr,alternate Chair,Health,0
bert cyr|member representing employers to the board of directors|post-secondary education training and labour,1,2021,2021,Bert Cyr,member representing employers to the Board of Directors,Post-Secondary Education Training and Labour,0
bert cyr|vice-chair representing the english language|education and early childhood development,1,2024,2024,Bert Cyr,Vice-Chair representing the English language,Education and Early Childhood Development,0
bert cyr|vice-chair|education and early childhood development,2,2020,2020,Bert Cyr,Vice-Chair,Education and Early Childhood Development,0
"beth hatt|member|agriculture, aquaculture and fisheries",2,2018,2021,Beth Hatt,member,"Agriculture, Aquaculture and Fisheries",3
"beth hatt|vice-chairperson|agriculture, aquaculture and fisheries",2,2021,2024,Beth Hatt,Vice-Chairperson,"Agriculture, Aquaculture and Fisheries",3
beth webster|chair|service new brunswick,1,2015,2015,Beth Webster,Chair,Service New Brunswick,0
beth webster|member|service new brunswick,1,2015,2015,Beth Webster,member,Service New Brunswick,0
betty cleveland firth|coroner|justice and public safety,1,2017,2017,Betty Cleveland Firth,Coroner,Justice and Public Safety,0
"bev bacon|member|agriculture, aquaculture and fisheries",3,2018,2024,Bev Bacon,Member,"Agriculture, Aquaculture and Fisheries",6
bev hornibrook|worker's advocate|post-secondary education training and labour,1,2016,2016,Bev Hornibrook,worker's advocate,Post-Secondary Education Training and Labour,0
beverley wood|residential tenancies officer|service new brunswick,1,2019,2019,Beverley Wood,Residential Tenancies Officer,Service New Brunswick,0
beverly wilcox|member of the board of directors|post-secondary education training and labour,1,2017,2017,Beverly Wilcox,member of the Board of Directors,Post-Secondary Education Training and Labour,0
bill campbell|member|environment and local government,2,2018,2021,Bill Campbell,Member,Environment and Local Government,3
bill fraser|member|executive council office,4,2016,2018,Bill Fraser,member,Executive Council Office,2
"bill fraser|minister of tourism, heritage and culture|executive council office",1,2014,2014,Bill Fraser,"Minister of Tourism, Heritage and Culture",Executive Council Office,0
bill fraser|minister of transportation and infrastructure|executive council office,1,2016,2016,Bill Fraser,Minister of Transportation and Infrastructure,Executive Council Office,0
bill hicks|returning officer|executive council office,1,2017,2017,Bill Hicks,Returning Officer,Executive Council Office,0
bill hogan|member|executive council office,3,2022,2023,Bill Hogan,member,Executive Council Office,1
bill hogan|minister of education and early childhood development|executive council office,1,2022,2022,Bill Hogan,Minister of Education and Early Childhood Development,Executive Council Office,0
bill hogan|minister of public safety|executive council office,1,2022,2022,Bill Hogan,Minister of Public Safety,Executive Council Office,0
bill kingston|returning officer|executive council office,1,2019,2019,Bill Kingston,Returning Officer,Executive Council Office,0
"bill levesque|acting deputy minister of agriculture, aquaculture and fisheries|executive council office",1,2015,2015,Bill Levesque,"Acting Deputy Minister of Agriculture, Aquaculture and Fisheries",Executive Council Office,0
bill levesque|acting president|executive council office,1,2015,2015,Bill Levesque,Acting President,Executive Council Office,0
bill levesque|deputy minister of intergovernmental affairs|executive council office,1,2015,2015,Bill Levesque,Deputy Minister of Intergovernmental Affairs,Executive Council Office,0
bill levesque|deputy minister of natural resources|executive council office,1,2013,2013,Bill Levesque,Deputy Minister of Natural Resources,Executive Council Office,0
bill levesque|deputy minister responsible for the aboriginal affairs secretariat|executive council office,1,2017,2017,Bill Levesque,Deputy Minister responsible for the Aboriginal Affairs Secretariat,Executive Council Office,0
bill levesque|member of the board of directors|executive council office,1,2013,2013,Bill Levesque,member of the Board of Directors,Executive Council Office,0
"bill levesque|member|agriculture, aquaculture and fisheries",1,2013,2013,Bill Levesque,member,"Agriculture, Aquaculture and Fisheries",0
bill levesque|member|economic development,2,2013,2014,Bill Levesque,member,Economic Development,1
bill levesque|member|executive council office,1,2016,2016,Bill Levesque,member,Executive Council Office,0
bill levesque|member|regional development corporation,1,2015,2015,Bill Levesque,member,Regional Development Corporation,0
bill oliver|members of the executive council|executive council office,1,2018,2018,Bill Oliver,members of the Executive Council,Executive Council Office,0
bill oliver|member|executive council office,1,2018,2018,Bill Oliver,member,Executive Council Office,0
bill oliver|minister of transportation and infrastructure|executive council office,1,2018,2018,Bill Oliver,Minister of Transportation and Infrastructure,Executive Council Office,0
blaine higgs|member of the executive council|executive council office,1,2020,2020,Blaine Higgs,member of the Executive Council,Executive Council Office,0
blaine higgs|members of the executive council|executive council office,1,2018,2018,Blaine Higgs,members of the Executive Council,Executive Council Office,0
blaine higgs|minister of intergovernmental affairs|executive council office,1,2019,2019,Blaine Higgs,Minister of Intergovernmental Affairs,Executive Council Office,0
blaine higgs|premier and president of the executive council|executive council office,2,2018,2020,Blaine Higgs,Premier and President of the Executive Council,Executive Council Office,2
blair c. fraser|her majesty's counsel|executive council office,1,2019,2019,Blair C. Fraser,Her Majesty's Counsel,Executive Council Office,0
blake brunsdon|representative of the forest industry|natural resources,1,2013,2013,Blake Brunsdon,representative of the forest industry,Natural Resources,0
blake kennedy|municipal returning officer|elections new brunswick,1,2019,2019,Blake Kennedy,municipal returning officer,Elections New Brunswick,0
blake kennedy|returning officer|executive council office,2,2017,2020,Blake Kennedy,Returning Officer,Executive Council Office,3
blake mcneil|director|social development,1,2021,2021,Blake McNeil,director,Social Development,0
blake whiteway|coroner|public safety,1,2013,2013,Blake Whiteway,coroner,Public Safety,0
bonnie murray|worker's advocate|post-secondary education training and labour,1,2015,2015,Bonnie Murray,Worker's Advocate,Post-Secondary Education Training and Labour,0
bonnie wilson|returning officer|executive council office,1,2017,2017,Bonnie Wilson,Returning Officer,Executive Council Office,0
brad woodside|member and vice-chairperson|finance,1,2016,2016,Brad Woodside,member and Vice-Chairperson,Finance,0
"bradley cross|director|tourism, heritage and culture",1,2024,2024,Bradley Cross,Director,"Tourism, Heritage and Culture",0
"bradley cross|member of the board of directors|tourism, heritage and culture",2,2017,2021,Bradley Cross,member of the Board of Directors,"Tourism, Heritage and Culture",4
bradley willet|deputy sheriff|justice and public safety,1,2017,2017,Bradley Willet,Deputy Sheriff,Justice and Public Safety,0
brady killam|deputy sheriff|justice and public safety,1,2017,2017,Brady Killam,Deputy Sheriff,Justice and Public Safety,0
brenda evans|deputy sheriff|justice,1,2014,2014,Brenda Evans,Deputy Sheriff,Justice,0
brenda graham|returning officer|executive council office,1,2019,2019,Brenda Graham,Returning Officer,Executive Council Office,0
brenda knight|trustee|environment and local government,2,2019,2021,Brenda Knight,trustee,Environment and Local Government,2
brenda l. murphy|lieutenant-governor|environment and local government,2,2022,2022,Brenda L. Murphy,Lieutenant-Governor,Environment and Local Government,0
brenda l. murphy|lieutenant-governor|executive council office,6,2020,2023,Brenda L. Murphy,Lieutenant-Governor,Executive Council Office,3
brenda l. murphy|lieutenant-governor|intergovernmental affairs,1,2022,2022,Brenda L. Murphy,Lieutenant-Governor,Intergovernmental Affairs,0
brenda mcmullen brown|her majesty’s counsel|executive council office,1,2021,2021,Brenda McMullen Brown,Her Majesty’s Counsel,Executive Council Office,0
brent thompson|member|natural resources and energy development,2,2021,2024,Brent Thompson,member,Natural Resources and Energy Development,3
brian alexander gallant|member of the executive council|executive council office,2,2014,2014,Brian Alexander Gallant,member of the Executive Council,Executive Council Office,0
brian alexander gallant|premier and president of the executive council|executive council office,1,2016,2016,Brian Alexander Gallant,Premier and President of the Executive Council,Executive Council Office,0
brian andrew kenny|minister of education and early childhood development|executive council office,1,2016,2016,Brian Andrew Kenny,Minister of Education and Early Childhood Development,Executive Council Office,0
brian andrew kenny|minister of environment and local government|executive council office,1,2014,2014,Brian Andrew Kenny,Minister of Environment and Local Government,Executive Council Office,0
"brian antworth|member|agriculture, aquaculture and fisheries",1,2014,2014,Brian Antworth,member,"Agriculture, Aquaculture and Fisheries",0
brian attfield|alternate member|health,1,2017,2017,Brian Attfield,alternate member,Health,0
brian brooks|alternate member|health,1,2017,2017,Brian Brooks,Alternate Member,Health,0
brian bruce|vice-chair|post-secondary education training and labour,2,2021,2024,Brian Bruce,Vice-Chair,Post-Secondary Education Training and Labour,3
brian c. mclean|chief judge|justice and public safety,1,2024,2024,Brian C. McLean,Chief Judge,Justice and Public Safety,0
brian c. mclean|judge|justice,1,2014,2014,Brian C. McLean,Judge,Justice,0
brian d. bruce|vice-chairperson|post-secondary education training and labour,1,2014,2014,Brian D. Bruce,Vice-Chairperson,Post-Secondary Education Training and Labour,0
brian d. bruce|vice-chair|post-secondary education training and labour,1,2017,2017,Brian D. Bruce,Vice-Chair,Post-Secondary Education Training and Labour,0
brian dawson|coroner|public safety,1,2013,2013,Brian Dawson,coroner,Public Safety,0
brian delucry|representative of appointments|post-secondary education training and labour,1,2013,2013,Brian Delucry,representative of appointments,Post-Secondary Education Training and Labour,0
brian eyolfson|commissioner|aboriginal affairs secretariat,1,2018,2018,Brian Eyolfson,Commissioner,Aboriginal Affairs Secretariat,0
brian gallant|attorney general|executive council office,1,2018,2018,Brian Gallant,Attorney General,Executive Council Office,0
brian gallant|her majesty's counsel|executive council office,1,2018,2018,Brian Gallant,Her Majesty's Counsel,Executive Council Office,0
brian gallant|member|board of management,1,2014,2014,Brian Gallant,Member,Board of Management,0
brian harriman|president|new brunswick liquor corporation,1,2014,2014,Brian Harriman,President,New Brunswick Liquor Corporation,0
brian kenny|member|executive council office,4,2016,2018,Brian Kenny,member,Executive Council Office,2
brian leger|deputy sheriff|justice,1,2015,2015,Brian Leger,Deputy Sheriff,Justice,0
brian leger|deputy sheriff|public safety,1,2019,2019,Brian Leger,Deputy Sheriff,Public Safety,0
"brian lordon|member|tourism, heritage and culture",1,2022,2022,Brian Lordon,member,"Tourism, Heritage and Culture",0
brian macalpine|deputy sheriff|justice,1,2014,2014,Brian MacAlpine,Deputy Sheriff,Justice,0
"brian macdonald|department of agriculture, aquaculture and fisheries representative|agriculture, aquaculture and fisheries",1,2019,2019,Brian MacDonald,"Department of Agriculture, Aquaculture and Fisheries representative","Agriculture, Aquaculture and Fisheries",0
"brian macdonald|member|agriculture, aquaculture and fisheries",1,2021,2021,Brian MacDonald,member,"Agriculture, Aquaculture and Fisheries",0
"brian malone|member, part-time|justice and public safety",1,2021,2021,Brian Malone,"Member, Part-time",Justice and Public Safety,0
brian malone|member|justice and public safety,1,2024,2024,Brian Malone,member,Justice and Public Safety,0
brian manship|public representative|health,1,2016,2016,Brian Manship,public representative,Health,0
brian maude|adjudicator|justice and public safety,1,2018,2018,Brian Maude,Adjudicator,Justice and Public Safety,0
brian maude|case management master|justice and public safety,2,2018,2021,Brian Maude,Case Management Master,Justice and Public Safety,3
brian maude|emergency adjudicative officer|justice and public safety,1,2018,2018,Brian Maude,Emergency Adjudicative Officer,Justice and Public Safety,0
brian mccain|member of the board of directors|government services,1,2015,2015,Brian McCain,Member of the Board of Directors,Government Services,0
"brian mccullum|member|agriculture, aquaculture and fisheries",3,2018,2024,Brian McCullum,Member,"Agriculture, Aquaculture and Fisheries",6
brian mclean|associate chief judge|justice and public safety,1,2022,2022,Brian McLean,Associate Chief Judge,Justice and Public Safety,0
brian mosher|chair|natural resources and energy development,2,2022,2023,Brian Mosher,Chair,Natural Resources and Energy Development,1
brian parker|deputy sheriff|justice,2,2014,2015,Brian Parker,Deputy Sheriff,Justice,1
brigette ouellette|vice-chair|environment and local government,1,2024,2024,Brigette Ouellette,Vice-Chair,Environment and Local Government,0
brigitte cyr page|returning officer|executive council office,1,2019,2019,Brigitte Cyr Page,Returning Officer,Executive Council Office,0
brigitte lapointe|member|executive council office,1,2021,2021,Brigitte Lapointe,member,Executive Council Office,0
brigitte ouellette|member|finance and treasury board,2,2020,2023,Brigitte Ouellette,member,Finance and Treasury Board,3
brigitte ouellette|vice-chairperson|environment and local government,1,2014,2014,Brigitte Ouellette,Vice-Chairperson,Environment and Local Government,0
brigitte ouellette|vice-chair|environment and local government,1,2019,2019,Brigitte Ouellette,Vice-Chair,Environment and Local Government,0
britney lukings|deputy sheriff|justice and public safety,1,2017,2017,Britney Lukings,Deputy Sheriff,Justice and Public Safety,0
brittany merrifield|member of the board of directors|social development,1,2017,2017,Brittany Merrifield,member of the Board of Directors,Social Development,0
brittany stairs|member|health,1,2021,2021,Brittany Stairs,member,Health,0
bronwyn davies|director|social development,1,2021,2021,Bronwyn Davies,director,Social Development,0
brooke gibson|member|justice and public safety,1,2020,2020,Brooke Gibson,member,Justice and Public Safety,0
bruce d. grant|his majesty’s counsel|executive council office,1,2023,2023,Bruce D. Grant,His Majesty’s Counsel,Executive Council Office,0
bruce fitch|member of the executive council|executive council office,2,2020,2020,Bruce Fitch,member of the Executive Council,Executive Council Office,0
bruce fitch|member of treasury board|executive council office,1,2020,2020,Bruce Fitch,member of Treasury Board,Executive Council Office,0
bruce fitch|member|executive council office,3,2013,2023,Bruce Fitch,Member,Executive Council Office,10
bruce fitch|minister of health|executive council office,1,2022,2022,Bruce Fitch,Minister of Health,Executive Council Office,0
bruce fitch|minister of social development|executive council office,1,2020,2020,Bruce Fitch,Minister of Social Development,Executive Council Office,0
"bruce fitch|minister of tourism, heritage and culture|executive council office",1,2020,2020,Bruce Fitch,"Minister of Tourism, Heritage and Culture",Executive Council Office,0
"bruce nelson northrup|minister of public safety, solicitor general|executive council office",1,2013,2013,Bruce Nelson Northrup,"Minister of Public Safety, Solicitor General",Executive Council Office,0
bruce robinson|member|health,1,2021,2021,Bruce Robinson,member,Health,0
bruce wood|member of the board of directors|finance and treasury board,2,2020,2023,Bruce Wood,member of the Board of Directors,Finance and Treasury Board,3
bruno cyr|coroner|public safety,1,2013,2013,Bruno Cyr,coroner,Public Safety,0
bruno roy|chair|health,1,2016,2016,Bruno Roy,chair,Health,0
bryson jenkins|deputy sheriff|justice,2,2014,2015,Bryson Jenkins,Deputy Sheriff,Justice,1
burton hall|coroner|justice and public safety,1,2017,2017,Burton Hall,coroner,Justice and Public Safety,0
burton hall|coroner|public safety,1,2013,2013,Burton Hall,coroner,Public Safety,0
byron bushey|member|post-secondary education training and labour,1,2016,2016,Byron Bushey,member,Post-Secondary Education Training and Labour,0
c. dwight allaby|vice-chairperson|environment and local government,1,2014,2014,C. Dwight Allaby,Vice-Chairperson,Environment and Local Government,0
cade libby|acting deputy minister of aboriginal affairs|executive council office,1,2019,2019,Cade Libby,Acting Deputy Minister of Aboriginal Affairs,Executive Council Office,0
cade libby|acting deputy minister|executive council office,1,2024,2024,Cade Libby,Acting Deputy Minister,Executive Council Office,0
cade libby|acting president|executive council office,1,2019,2019,Cade Libby,Acting President,Executive Council Office,0
cade libby|deputy minister of environment and climate change|executive council office,1,2020,2020,Cade Libby,Deputy Minister of Environment and Climate Change,Executive Council Office,0
cade libby|deputy minister of natural resources and energy development|executive council office,1,2024,2024,Cade Libby,Deputy Minister of Natural Resources and Energy Development,Executive Council Office,0
cade libby|deputy minister|executive council office,1,2020,2020,Cade Libby,Deputy Minister,Executive Council Office,0
cade libby|member of the board of directors|regional development corporation,1,2020,2020,Cade Libby,member of the Board of Directors,Regional Development Corporation,0
cameron crain|student member of the board of governors|post-secondary education training and labour,1,2016,2016,Cameron Crain,Student Member of the Board of Governors,Post-Secondary Education Training and Labour,0
cameron gunn|provincial court judge|justice and attorney general,1,2019,2019,Cameron Gunn,Provincial Court Judge,Justice and Attorney General,0
cameron h. gunn|her majesty's counsel|justice and attorney general,1,2013,2013,Cameron H. Gunn,Her Majesty's Counsel,Justice and Attorney General,0
camille r. malenfant|returning officer|elections new brunswick,1,2018,2018,Camille R. Malenfant,Returning Officer,Elections New Brunswick,0
camille thériault|co-chairperson|executive council office,1,2022,2022,Camille Thériault,co-chairperson,Executive Council Office,0
camille thériault|commissioner|executive council office,1,2022,2022,Camille Thériault,commissioner,Executive Council Office,0
camilo augusto quintero|provincial analyst|public safety,1,2019,2019,Camilo Augusto Quintero,provincial analyst,Public Safety,0
candace r. salmon|vice-chairpersons|post-secondary education training and labour,1,2015,2015,Candace R. Salmon,Vice-Chairpersons,Post-Secondary Education Training and Labour,0
candace salmon|vice-chairperson|post-secondary education training and labour,1,2018,2018,Candace Salmon,Vice-Chairperson,Post-Secondary Education Training and Labour,0
carl e lanagan|member representing appointments|post-secondary education training and labour,1,2022,2022,Carl E lanagan,member representing appointments,Post-Secondary Education Training and Labour,0
carl killen|returning officer|executive council office,1,2019,2019,Carl Killen,Returning Officer,Executive Council Office,0
carl urquhart|members of the executive council|executive council office,1,2018,2018,Carl Urquhart,members of the Executive Council,Executive Council Office,0
"carl urquhart|minister of public safety, solicitor general|executive council office",1,2019,2019,Carl Urquhart,"Minister of Public Safety, Solicitor General",Executive Council Office,0
carla gregan-burns|director|social development,1,2018,2018,Carla Gregan-Burns,Director,Social Development,0
carley jean parish|her majesty’s counsel|executive council office,1,2021,2021,Carley Jean Parish,Her Majesty’s Counsel,Executive Council Office,0
carol desrosiers|director|social development,2,2018,2021,Carol Desrosiers,Director,Social Development,3
carol dixon|member representing the department of energy and resource development|energy and resource development,1,2019,2019,Carol Dixon,member representing the Department of Energy and Resource Development,Energy and Resource Development,0
carol dixon|member|finance and treasury board,1,2022,2022,Carol Dixon,member,Finance and Treasury Board,0
carol dixon|member|natural resources,1,2015,2015,Carol Dixon,member,Natural Resources,0
carole beaulieu|member|environment and local government,1,2019,2019,Carole Beaulieu,member,Environment and Local Government,0
carole f. beaulieu|member|environment and local government,1,2016,2016,Carole F. Beaulieu,member,Environment and Local Government,0
carole sirois-paquette|her majesty’s counsel|executive council office,1,2021,2021,Carole Sirois-Paquette,Her Majesty’s Counsel,Executive Council Office,0
caroline del frate|worker's advocate|post-secondary education training and labour,1,2015,2015,Caroline Del Frate,Worker's Advocate,Post-Secondary Education Training and Labour,0
caroline lafontaine|deputy registrar|justice and attorney general,1,2013,2013,Caroline Lafontaine,Deputy Registrar,Justice and Attorney General,0
caroline lafontaine|his majesty’s counsel|justice and public safety,1,2024,2024,Caroline Lafontaine,His Majesty’s Counsel,Justice and Public Safety,0
"caroline lafontaine|registrar of the court of appeal of new brunswick and the court of queen's bench of new brunswick, trial and family division|justice",1,2016,2016,Caroline Lafontaine,"Registrar of the Court of Appeal of New Brunswick and the Court of Queen's Bench of New Brunswick, Trial and Family Division",Justice,0
carter edwin stone|coroner|public safety,1,2015,2015,Carter Edwin Stone,coroner,Public Safety,0
catherine (cassie) hall|member|executive council office,1,2021,2021,Catherine (Cassie) Hall,member,Executive Council Office,0
catherine blaney|member of the board of directors|education and early childhood development,2,2017,2019,Catherine Blaney,member of the Board of Directors,Education and Early Childhood Development,2
"catherine eddy|member of the board|tourism, heritage and culture",1,2022,2022,Catherine Eddy,member of the Board,"Tourism, Heritage and Culture",0
catherine fawcett|her majesty's counsel|justice and public safety,1,2020,2020,Catherine Fawcett,Her Majesty's Counsel,Justice and Public Safety,0
"catherine isabel eddy|board member|tourism, heritage and culture",1,2019,2019,Catherine Isabel Eddy,Board Member,"Tourism, Heritage and Culture",0
catherine lahey|her majesty's counsel|justice and attorney general,1,2013,2013,Catherine Lahey,Her Majesty's Counsel,Justice and Attorney General,0
catherine lawrence|member of the board of governors|post-secondary education training and labour,2,2020,2023,Catherine Lawrence,member of the Board of Governors,Post-Secondary Education Training and Labour,3
catherine m. bowlen|king’s counsel|executive council office,1,2022,2022,Catherine M. Bowlen,King’s Counsel,Executive Council Office,0
catherine mosher|member|environment and local government,1,2016,2016,Catherine Mosher,member,Environment and Local Government,0
cathy graham|director|finance,1,2018,2018,Cathy Graham,Director,Finance,0
cathy graham|director|finance and treasury board,1,2020,2020,Cathy Graham,director,Finance and Treasury Board,0
"cathy larochelle|chair|agriculture, aquaculture and fisheries",3,2018,2024,Cathy LaRochelle,Chair,"Agriculture, Aquaculture and Fisheries",6
"cathy larochelle|member|agriculture, aquaculture and fisheries",1,2013,2013,Cathy LaRochelle,member,"Agriculture, Aquaculture and Fisheries",0
cathy larochelle|member|executive council office,2,2019,2023,Cathy LaRochelle,member,Executive Council Office,4
"cathy larochelle|vice-chairperson|agriculture, aquaculture and fisheries",1,2013,2013,Cathy LaRochelle,Vice-Chairperson,"Agriculture, Aquaculture and Fisheries",0
cathy lynn rogers|member of the executive council|executive council office,1,2014,2014,Cathy Lynn Rogers,member of the Executive Council,Executive Council Office,0
cathy lynn rogers|minister of finance|executive council office,1,2016,2016,Cathy Lynn Rogers,Minister of Finance,Executive Council Office,0
cathy lynn rogers|minister of social development and minister of healthy and inclusive communities|executive council office,1,2014,2014,Cathy Lynn Rogers,Minister of Social Development and Minister of Healthy and Inclusive Communities,Executive Council Office,0
"cathy pugh|director|tourism, heritage and culture",1,2024,2024,Cathy Pugh,Director,"Tourism, Heritage and Culture",0
cathy rignanesi|member|finance,1,2013,2013,Cathy Rignanesi,member,Finance,0
"cathy rogers|vice-chair, member|executive council office",1,2017,2017,Cathy Rogers,"Vice-Chair, Member",Executive Council Office,0
cathy rogers|vice-chair|executive council office,3,2016,2018,Cathy Rogers,Vice-Chair,Executive Council Office,2
cathy st-pierre|deputy sheriff|justice,1,2015,2015,Cathy St-Pierre,Deputy Sheriff,Justice,0
cecile paulin-larocque|member|executive council office,1,2015,2015,Cecile Paulin-Larocque,member,Executive Council Office,0
cedric laverdure|member of the board of directors|finance and treasury board,1,2020,2020,Cedric Laverdure,member of the Board of Directors,Finance and Treasury Board,0
celine robichaud-trifts|member|finance,1,2017,2017,Celine Robichaud-Trifts,member,Finance,0
chad maclean|members of the board of examiners for compressed gas|public safety,1,2020,2020,Chad Maclean,members of the Board of Examiners for Compressed Gas,Public Safety,0
chad maclean|member|justice and public safety,1,2017,2017,Chad MacLean,member,Justice and Public Safety,0
chantal arsenault|worker's advocate|post-secondary education training and labour,1,2017,2017,Chantal Arsenault,Worker's Advocate,Post-Secondary Education Training and Labour,0
chantal cormier|director|natural resources and energy development,2,2021,2024,Chantal Cormier,Director,Natural Resources and Energy Development,3
chantal duguay|member of the appeal board on teacher certification|education and early childhood development,1,2014,2014,Chantal Duguay,Member of the Appeal Board on Teacher Certification,Education and Early Childhood Development,0
"chantal gauthier|director|tourism, heritage and culture",1,2024,2024,Chantal Gauthier,Director,"Tourism, Heritage and Culture",0
"chantal gauthier|member of the board of directors|tourism, heritage and culture",1,2021,2021,Chantal Gauthier,member of the Board of Directors,"Tourism, Heritage and Culture",0
chantal lafleur|member representing workers|post-secondary education training and labour,1,2024,2024,Chantal LaFleur,member representing workers,Post-Secondary Education Training and Labour,0
chantal landry|coroners|public safety,1,2019,2019,Chantal Landry,coroners,Public Safety,0
chantal landry|executive director|justice and public safety,1,2023,2023,Chantal Landry,Executive Director,Justice and Public Safety,0
chantal landry|member|social development,1,2021,2021,Chantal Landry,member,Social Development,0
chantal moreau|adjudicator|justice and public safety,1,2023,2023,Chantal Moreau,Adjudicator,Justice and Public Safety,0
chantal moreau|administrator|justice and attorney general,1,2018,2018,Chantal Moreau,Administrator,Justice and Attorney General,0
chantal moreau|case management master|justice and public safety,1,2023,2023,Chantal Moreau,Case Management Master,Justice and Public Safety,0
chantal moreau|clerk|justice and attorney general,1,2018,2018,Chantal Moreau,Clerk,Justice and Attorney General,0
chantal moreau|deputy registrar|justice and attorney general,1,2018,2018,Chantal Moreau,Deputy Registrar,Justice and Attorney General,0
chantal moreau|emergency adjudicative officer|justice and public safety,1,2023,2023,Chantal Moreau,Emergency Adjudicative Officer,Justice and Public Safety,0
chantal n. daigle|case management master|office of the attorney general,1,2015,2015,Chantal N. Daigle,Case Management Master,Office of the Attorney General,0
chantal robichaud|worker's advocate|post-secondary education training and labour,1,2016,2016,Chantal Robichaud,worker's advocate,Post-Secondary Education Training and Labour,0
chantal simpson|administrator of the court of king’s bench — family division|justice and public safety,1,2024,2024,Chantal Simpson,Administrator of the Court of King’s Bench — Family Division,Justice and Public Safety,0
chantal theriault|member of the board of directors|opportunities new brunswick,1,2017,2017,Chantal Theriault,member of the Board of Directors,Opportunities New Brunswick,0
chantal theriault|member|executive council office,1,2020,2020,Chantal Theriault,member,Executive Council Office,0
chantal thibodeau|member|finance,1,2017,2017,Chantal Thibodeau,member,Finance,0
chapelle leblanc|deputy sheriff|justice,1,2014,2014,Chapelle LeBlanc,Deputy Sheriff,Justice,0
charbel awad|acting deputy minister|executive council office,1,2023,2023,Charbel Awad,Acting Deputy Minister,Executive Council Office,0
charbel awad|chairman|environment and local government,1,2023,2023,Charbel Awad,Chairman,Environment and Local Government,0
charbel awad|chief sheriff|justice,1,2016,2016,Charbel Awad,Chief Sheriff,Justice,0
charbel awad|commissioner|environment and local government,1,2023,2023,Charbel Awad,Commissioner,Environment and Local Government,0
charbel awad|sheriff|justice,1,2013,2013,Charbel Awad,Sheriff,Justice,0
charlaine gauthier|trustee from the public at large|post-secondary education training and labour,1,2019,2019,Charlaine Gauthier,trustee from the public at large,Post-Secondary Education Training and Labour,0
charles (chuck) firlotte|chair of the board of directors|natural resources and energy development,1,2020,2020,Charles (Chuck) Firlotte,Chair of the Board of Directors,Natural Resources and Energy Development,0
charles ayles|interim deputy minister of intergovernmental affairs|executive council office,1,2024,2024,Charles Ayles,Interim Deputy Minister of Intergovernmental Affairs,Executive Council Office,0
charles bernard|nominee of the minister|post-secondary education training and labour,1,2015,2015,Charles Bernard,nominee of the Minister,Post-Secondary Education Training and Labour,0
charles e. murray|his majesty’s counsel|justice and public safety,1,2024,2024,Charles E. Murray,His Majesty’s Counsel,Justice and Public Safety,0
charles ferris|member|post-secondary education training and labour,1,2019,2019,Charles Ferris,member,Post-Secondary Education Training and Labour,0
charles firlotte|director of the board of directors|energy and resource development,1,2018,2018,Charles Firlotte,Director of the board of directors,Energy and Resource Development,0
charles firlotte|director|energy and resource development,1,2019,2019,Charles Firlotte,Director,Energy and Resource Development,0
charles macneil|member and designated as chair|natural resources and energy development,1,2020,2020,Charles MacNeil,member and designated as Chair,Natural Resources and Energy Development,0
charles malenfant|coroner|justice and public safety,1,2017,2017,Charles Malenfant,coroner,Justice and Public Safety,0
charles murray|acting consumer advocate for insurance|executive council office,1,2015,2015,Charles Murray,Acting Consumer Advocate for Insurance,Executive Council Office,0
charles murray|acting integrity commissioner|executive council office,1,2018,2018,Charles Murray,Acting Integrity Commissioner,Executive Council Office,0
charles murray|acting ombud|executive council office,1,2020,2020,Charles Murray,Acting Ombud,Executive Council Office,0
charles murray|ombudsman|executive council office,1,2013,2013,Charles Murray,Ombudsman,Executive Council Office,0
charles v. kingston|her majesty's counsel|office of the attorney general,1,2015,2015,Charles V. Kingston,Her Majesty's Counsel,Office of the Attorney General,0
charlie ross|member|justice and public safety,1,2020,2020,Charlie Ross,member,Justice and Public Safety,0
charlotte bourque|his majesty’s counsel|executive council office,1,2023,2023,Charlotte Bourque,His Majesty’s Counsel,Executive Council Office,0
chelsea seale|vice-chairperson|post-secondary education training and labour,1,2024,2024,Chelsea Seale,Vice-Chairperson,Post-Secondary Education Training and Labour,0
cher barthe|coroner|justice and public safety,1,2017,2017,Cher Barthe,Coroner,Justice and Public Safety,0
cheri smith|returning officer|executive council office,1,2019,2019,Cheri Smith,Returning Officer,Executive Council Office,0
cherie haas|deputy sheriff|justice,1,2014,2014,Cherie Haas,Deputy Sheriff,Justice,0
cheryl digdon|worker's advocate|post-secondary education training and labour,1,2015,2015,Cheryl Digdon,Worker's Advocate,Post-Secondary Education Training and Labour,0
cheryl geldart greer|commissioner|finance,1,2018,2018,Cheryl Geldart Greer,commissioner,Finance,0
cheryl geldart greer|member|finance,1,2015,2015,Cheryl Geldart Greer,member,Finance,0
cheryl hansen|acting deputy minister of treasury board|executive council office,1,2017,2017,Cheryl Hansen,Acting Deputy Minister of Treasury Board,Executive Council Office,0
"cheryl hansen|clerk of the executive council office, chief operating officer, and head of the public service|executive council office",1,2020,2020,Cheryl Hansen,"Clerk of the Executive Council Office, Chief Operating Officer, and Head of the Public Service",Executive Council Office,0
cheryl hansen|deputy minister of finance|executive council office,1,2019,2019,Cheryl Hansen,Deputy Minister of Finance,Executive Council Office,0
cheryl hansen|director|executive council office,1,2019,2019,Cheryl Hansen,Director,Executive Council Office,0
cheryl johnson|alternate chair|health,2,2015,2019,Cheryl Johnson,alternate chair,Health,4
cheryl johnson|vice-chairperson|post-secondary education training and labour,1,2015,2015,Cheryl Johnson,Vice-Chairperson,Post-Secondary Education Training and Labour,0
cheryl leblanc|member|office of the premier,3,2015,2017,Cheryl LeBlanc,Member,Office of the Premier,2
cheryl richardson|member representing anglophone teachers|education and early childhood development,1,2024,2024,Cheryl Richardson,member representing anglophone teachers,Education and Early Childhood Development,0
cheryl richardson|member|education and early childhood development,1,2020,2020,Cheryl Richardson,Member,Education and Early Childhood Development,0
cheryl robertson|member|post-secondary education training and labour,1,2013,2013,Cheryl Robertson,member,Post-Secondary Education Training and Labour,0
"chief hugh a kagi|member|tourism, heritage and culture",1,2022,2022,Chief Hugh A kagi,member,"Tourism, Heritage and Culture",0
"chief hugh akagi|board member|tourism, heritage and culture",1,2019,2019,Chief Hugh Akagi,Board Member,"Tourism, Heritage and Culture",0
chris london|board of governors|post-secondary education training and labour,1,2016,2016,Chris London,Board of Governors,Post-Secondary Education Training and Labour,0
chris maxwell|members of the family income security appeal board|social development,1,2020,2020,Chris Maxwell,members of the Family Income Security Appeal Board,Social Development,0
chris savoie|member representing appointments|post-secondary education training and labour,1,2020,2020,Chris Savoie,member representing appointments,Post-Secondary Education Training and Labour,0
chris snow|members of the board of examiners for compressed gas|public safety,1,2020,2020,Chris Snow,members of the Board of Examiners for Compressed Gas,Public Safety,0
chris snow|member|justice and public safety,1,2017,2017,Chris Snow,member,Justice and Public Safety,0
chris ward|member|environment and local government,1,2021,2021,Chris Ward,Member,Environment and Local Government,0
christa bourque|her majesty's counsel|office of the attorney general,1,2016,2016,Christa Bourque,Her Majesty's Counsel,Office of the Attorney General,0
christian e. michaud|her majesty's counsel|office of the attorney general,1,2015,2015,Christian E. Michaud,Her Majesty's Counsel,Office of the Attorney General,0
christian whalen|public trustee|justice and public safety,1,2024,2024,Christian Whalen,Public Trustee,Justice and Public Safety,0
"christiana myers|member|tourism, heritage and culture",1,2021,2021,Christiana Myers,member,"Tourism, Heritage and Culture",0
christien goguen|occupational health and safety officer|post-secondary education training and labour,1,2020,2020,Christien Goguen,Occupational Health and Safety Officer,Post-Secondary Education Training and Labour,0
christina burke|coroners|justice and public safety,1,2017,2017,Christina Burke,coroners,Justice and Public Safety,0
christina burke|coroner|public safety,1,2015,2015,Christina Burke,coroner,Public Safety,0
christina michaud|deputy sheriff|justice and public safety,1,2017,2017,Christina Michaud,Deputy Sheriff,Justice and Public Safety,0
christina taylor|board member|post-secondary education training and labour,1,2013,2013,Christina Taylor,Board Member,Post-Secondary Education Training and Labour,0
christina taylor|member representing employers|post-secondary education training and labour,1,2016,2016,Christina Taylor,member representing employers,Post-Secondary Education Training and Labour,0
christine allain|deputy sheriff|justice,1,2014,2014,Christine Allain,Deputy Sheriff,Justice,0
christine couturier|alternate member|environment and local government,1,2020,2020,Christine Couturier,Alternate Member,Environment and Local Government,0
christine couturier|member|health,1,2020,2020,Christine Couturier,member,Health,0
christine drapeau|member|natural resources and energy development,1,2022,2022,Christine Drapeau,member,Natural Resources and Energy Development,0
christine drapeau|vice-chairperson|post-secondary education training and labour,1,2022,2022,Christine Drapeau,Vice-Chairperson,Post-Secondary Education Training and Labour,0
christine evans|member|office of the premier,5,2013,2019,Christine Evans,member,Office of the Premier,6
christine sonier|coroner|public safety,1,2020,2020,Christine Sonier,coroner,Public Safety,0
christopher bryniak|alternate member|health,1,2021,2021,Christopher Bryniak,alternate member,Health,0
christopher hogan|deputy sheriff|justice,1,2014,2014,Christopher Hogan,Deputy Sheriff,Justice,0
"christopher m. hand|member of the board of directors|tourism, heritage and culture",1,2014,2014,Christopher M. Hand,member of the Board of Directors,"Tourism, Heritage and Culture",0
christopher macdonald|member of the board of governors|post-secondary education training and labour,1,2023,2023,Christopher MacDonald,member of the Board of Governors,Post-Secondary Education Training and Labour,0
christopher macdonald|member|post-secondary education training and labour,1,2020,2020,Christopher MacDonald,Member,Post-Secondary Education Training and Labour,0
christopher o'connell|registrar of gaming control|public safety,1,2019,2019,Christopher O'Connell,Registrar of Gaming Control,Public Safety,0
christopher o'connell|registrar of motor vehicles|public safety,1,2013,2013,Christopher O'Connell,Registrar of Motor Vehicles,Public Safety,0
christopher s. bryniak|member|justice and attorney general,1,2019,2019,Christopher S. Bryniak,member,Justice and Attorney General,0
christopher s. bryniak|member|justice and public safety,1,2024,2024,Christopher S. Bryniak,member,Justice and Public Safety,0
christopher stewart|member|natural resources and energy development,1,2022,2022,Christopher Stewart,member,Natural Resources and Energy Development,0
christopher t. titus|king’s counsel|executive council office,1,2022,2022,Christopher T. Titus,King’s Counsel,Executive Council Office,0
christy bishop|public representative to the board of directors|health,2,2020,2022,Christy Bishop,public representative to the Board of Directors,Health,2
christy bishop|public representative|health,1,2024,2024,Christy Bishop,public representative,Health,0
chuck chiasson|member of the executive council|executive council office,1,2024,2024,Chuck Chiasson,member of the Executive Council,Executive Council Office,0
chuck chiasson|member of treasury board|executive council office,1,2024,2024,Chuck Chiasson,Member of Treasury Board,Executive Council Office,0
chuck chiasson|minister of transportation and infrastructure|executive council office,1,2024,2024,Chuck Chiasson,Minister of Transportation and Infrastructure,Executive Council Office,0
chuck firlotte|director|energy and mines,1,2014,2014,Chuck Firlotte,director,Energy and Mines,0
cindy carrier|provincial analyst|public safety,1,2019,2019,Cindy Carrier,provincial analyst,Public Safety,0
cindy howe|members of the small claims complaints committee panel|justice,1,2014,2014,Cindy Howe,Members of the Small Claims Complaints Committee Panel,Justice,0
cindy howe|members|health,1,2013,2013,Cindy Howe,members,Health,0
cindy howe|member|health,1,2021,2021,Cindy Howe,member,Health,0
cindy miles|member of treasury board|executive council office,1,2024,2024,Cindy Miles,Member of Treasury Board,Executive Council Office,0
claire johnson|member of the executive council|executive council office,1,2024,2024,Claire Johnson,member of the Executive Council,Executive Council Office,0
claire johnson|minister of education and early childhood development|executive council office,1,2024,2024,Claire Johnson,Minister of Education and Early Childhood Development,Executive Council Office,0
claire roussel-sullivan|member and chair|post-secondary education training and labour,1,2020,2020,Claire Roussel-Sullivan,member and Chair,Post-Secondary Education Training and Labour,0
clarence lee bennett|king’s counsel|executive council office,1,2022,2022,Clarence Lee Bennett,King’s Counsel,Executive Council Office,0
clarence melanson|municipal returning officer|elections new brunswick,1,2019,2019,Clarence Melanson,municipal returning officer,Elections New Brunswick,0
clarence morency|deputy sheriff|justice,1,2014,2014,Clarence Morency,Deputy Sheriff,Justice,0
claude coulombe|deputy sheriff|justice,1,2015,2015,Claude Coulombe,Deputy Sheriff,Justice,0
claude hache|member|executive council office,1,2015,2015,Claude Hache,member,Executive Council Office,0
claude haché|provincial court judge|justice and public safety,1,2021,2021,Claude Haché,Provincial Court Judge,Justice and Public Safety,0
claude pelletier|member representing producers|energy and resource development,1,2018,2018,Claude Pelletier,member representing producers,Energy and Resource Development,0
claude pelletier|member representing producers|natural resources,1,2014,2014,Claude Pelletier,Member representing producers,Natural Resources,0
claude savoie|public representative on the board of directors|health,1,2024,2024,Claude Savoie,public representative on the Board of Directors,Health,0
claude savoie|public representative|health,1,2021,2021,Claude Savoie,public representative,Health,0
claude voyer|her majesty's counsel|justice and public safety,1,2020,2020,Claude Voyer,Her Majesty's Counsel,Justice and Public Safety,0
claude williams|member|executive council office,1,2013,2013,Claude Williams,Member,Executive Council Office,0
claudette trewin|returning officer|executive council office,1,2017,2017,Claudette Trewin,Returning Officer,Executive Council Office,0
claudia lamschtein|member|justice and public safety,1,2021,2021,Claudia Lamschtein,member,Justice and Public Safety,0
clem tremblay|returning officer|executive council office,1,2017,2017,Clem Tremblay,Returning Officer,Executive Council Office,0
clement tremblay|alternate member|environment and local government,1,2021,2021,Clement Tremblay,alternate member,Environment and Local Government,0
clement tremblay|member|environment and local government,1,2016,2016,Clement Tremblay,Member,Environment and Local Government,0
cleveland allaby|member|environment and local government,1,2019,2019,Cleveland Allaby,member,Environment and Local Government,0
clifford lavigne|returning officer|executive council office,1,2017,2017,Clifford Lavigne,Returning Officer,Executive Council Office,0
cody boudreau|deputy sheriff|justice and public safety,1,2018,2018,Cody Boudreau,Deputy Sheriff,Justice and Public Safety,0
cody boudreau|deputy sheriff|public safety,1,2019,2019,Cody Boudreau,Deputy Sheriff,Public Safety,0
colette pelletier-langevin|part-time members|justice and public safety,1,2017,2017,Colette Pelletier-Langevin,part-time members,Justice and Public Safety,0
colin estabrooks|deputy sheriff|justice,1,2014,2014,Colin Estabrooks,Deputy Sheriff,Justice,0
connie melanson-savoy|member|executive council office,1,2021,2021,Connie Melanson-Savoy,member,Executive Council Office,0
conrad grant|returning officer|elections new brunswick,1,2013,2013,Conrad Grant,Returning Officer,Elections New Brunswick,0
constance sewell|member|executive council office,1,2017,2017,Constance Sewell,member,Executive Council Office,0
corey boudreau|deputy sheriff|justice and public safety,1,2017,2017,Corey Boudreau,Deputy Sheriff,Justice and Public Safety,0
"corey j. burton|medical practitioner|tourism, heritage and culture",1,2018,2018,Corey J. Burton,medical practitioner,"Tourism, Heritage and Culture",0
"corey j. burton|member|tourism, heritage and culture",2,2021,2024,Corey J. Burton,member,"Tourism, Heritage and Culture",3
corey leblanc|deputy sheriff|justice and public safety,1,2016,2016,Corey LeBlanc,Deputy Sheriff,Justice and Public Safety,0
corry anne toole|her majesty’s counsel|executive council office,1,2021,2021,Corry Anne Toole,Her Majesty’s Counsel,Executive Council Office,0
"cory culberson|vice-chairman|agriculture, aquaculture and fisheries",1,2014,2014,Cory Culberson,vice-chairman,"Agriculture, Aquaculture and Fisheries",0
courtney keenan|member|office of the premier,1,2013,2013,Courtney Keenan,member,Office of the Premier,0
courtney ryder|worker's advocate|post-secondary education training and labour,1,2017,2017,Courtney Ryder,Worker's Advocate,Post-Secondary Education Training and Labour,0
craig dalton|president|executive council office,1,2016,2016,Craig Dalton,President,Executive Council Office,0
craig hughes|deputy sheriff|justice,1,2014,2014,Craig Hughes,Deputy Sheriff,Justice,0
craig leonard|member|executive council office,1,2013,2013,Craig Leonard,Member,Executive Council Office,0
craig mcrae|deputy sheriff|justice,1,2014,2014,Craig McRae,Deputy Sheriff,Justice,0
craig soucy|deputy sheriff|justice,1,2014,2014,Craig Soucy,Deputy Sheriff,Justice,0
cristin muecke|member|environment and local government,1,2021,2021,Cristin Muecke,Member,Environment and Local Government,0
crystal critch|deputy registrar|justice,1,2015,2015,Crystal Critch,deputy registrar,Justice,0
crystal d. lahey|coroner|public safety,2,2016,2019,Crystal D. Lahey,coroner,Public Safety,3
cully robinson|board of directors|education and early childhood development,1,2020,2020,Cully Robinson,Board of Directors,Education and Early Childhood Development,0
curtis howe|board of governors|post-secondary education training and labour,1,2016,2016,Curtis Howe,Board of Governors,Post-Secondary Education Training and Labour,0
curtis howe|member|post-secondary education training and labour,1,2013,2013,Curtis Howe,member,Post-Secondary Education Training and Labour,0
cynthia jeanne benson|her majesty's counsel|executive council office,1,2019,2019,Cynthia Jeanne Benson,Her Majesty's Counsel,Executive Council Office,0
cynthia miles|member of the executive council|executive council office,1,2024,2024,Cynthia Miles,member of the Executive Council,Executive Council Office,0
cynthia miles|minister of social development|executive council office,1,2024,2024,Cynthia Miles,Minister of Social Development,Executive Council Office,0
"cynthia robinson|director|tourism, heritage and culture",1,2024,2024,Cynthia Robinson,Director,"Tourism, Heritage and Culture",0
cyprien okana|member|post-secondary education training and labour,1,2023,2023,Cyprien Okana,member,Post-Secondary Education Training and Labour,0
"cyril donahue|member of the board|tourism, heritage and culture",1,2017,2017,Cyril Donahue,member of the Board,"Tourism, Heritage and Culture",0
cyril donahue|municipal returning officer|elections new brunswick,2,2015,2019,Cyril Donahue,municipal returning officer,Elections New Brunswick,4
cyril donahue|returning officer|elections new brunswick,1,2014,2014,Cyril Donahue,returning officer,Elections New Brunswick,0
cyril donahue|returning officer|executive council office,2,2019,2021,Cyril Donahue,Returning Officer,Executive Council Office,2
cyril johnston|member|finance and treasury board,2,2020,2023,Cyril Johnston,member,Finance and Treasury Board,3
cécile paulin-larocque|member|intergovernmental affairs,1,2018,2018,Cécile Paulin-Larocque,member,Intergovernmental Affairs,0
cédric laverdure|member of the board of directors|finance and treasury board,1,2023,2023,Cédric Laverdure,member of the Board of Directors,Finance and Treasury Board,0
céline cormier|member|intergovernmental affairs,1,2024,2024,Céline Cormier,member,Intergovernmental Affairs,0
céline robichaud-trifts|member|health,1,2024,2024,Céline Robichaud-Trifts,member,Health,0
d. andrew rouse|her majesty's counsel|office of the attorney general,1,2016,2016,D. Andrew Rouse,Her Majesty's Counsel,Office of the Attorney General,0
"d. andrew rouse|member of the board of directors|tourism, heritage and culture",1,2014,2014,D. Andrew Rouse,member of the Board of Directors,"Tourism, Heritage and Culture",0
d. ellen cook|member nominated by the board of governors|post-secondary education training and labour,1,2014,2014,D. Ellen Cook,member nominated by the Board of Governors,Post-Secondary Education Training and Labour,0
d. grant macadam|deputy sheriff|public safety,1,2019,2019,D. Grant MacAdam,Deputy Sheriff,Public Safety,0
dale kozak|deputy sheriff|justice,1,2014,2014,Dale Kozak,Deputy Sheriff,Justice,0
damien dauphin|member|post-secondary education training and labour,1,2021,2021,Damien Dauphin,Member,Post-Secondary Education Training and Labour,0
damien witkowski|member of the board of governors|post-secondary education training and labour,1,2023,2023,Damien Witkowski,member of the Board of Governors,Post-Secondary Education Training and Labour,0
dan corcoran|returning officer|elections new brunswick,1,2013,2013,Dan Corcoran,Returning Officer,Elections New Brunswick,0
dan maclean|registrar of gaming control|justice and public safety,1,2021,2021,Dan MacLean,Registrar of Gaming Control,Justice and Public Safety,0
"dan mills|acting deputy minister of post-secondary education, training and labour|executive council office",1,2020,2020,Dan Mills,"Acting Deputy Minister of Post-Secondary Education, Training and Labour",Executive Council Office,0
dan mills|member|executive council office,1,2023,2023,Dan Mills,member,Executive Council Office,0
danie roy|alternate chair|health,2,2017,2020,Danie Roy,alternate chair,Health,3
danie roy|chair of the board of directors|justice and public safety,1,2021,2021,Danie Roy,Chair of the Board of Directors,Justice and Public Safety,0
"danie roy|chair, member|justice and public safety",1,2016,2016,Danie Roy,"Chair, Member",Justice and Public Safety,0
danie roy|small claims adjudicator|justice and public safety,1,2017,2017,Danie Roy,Small Claims Adjudicator,Justice and Public Safety,0
daniel allain|member of the executive council|executive council office,1,2020,2020,Daniel Allain,member of the Executive Council,Executive Council Office,0
daniel allain|minister of local government and local governance reform|executive council office,1,2020,2020,Daniel Allain,Minister of Local Government and Local Governance Reform,Executive Council Office,0
daniel blanchard|representative of the forest industry|natural resources,1,2013,2013,Daniel Blanchard,representative of the forest industry,Natural Resources,0
daniel j. surette|her majesty’s counsel|executive council office,1,2021,2021,Daniel J. Surette,Her Majesty’s Counsel,Executive Council Office,0
daniel jardine|alternate chair|health,1,2017,2017,Daniel Jardine,Alternate Chair,Health,0
daniel jardine|member|health,1,2016,2016,Daniel Jardine,member,Health,0
daniel jardine|voting member of the board of directors|justice and public safety,1,2024,2024,Daniel Jardine,voting member of the Board of Directors,Justice and Public Safety,0
daniel laplante|member|economic development,1,2013,2013,Daniel Laplante,member,Economic Development,0
daniel leger|chair|health,1,2020,2020,Daniel Leger,Chair,Health,0
daniel leger|vice-chairperson|post-secondary education training and labour,2,2017,2021,Daniel Leger,Vice-Chairperson,Post-Secondary Education Training and Labour,4
daniel léger|member|finance and treasury board,1,2021,2021,Daniel Léger,member,Finance and Treasury Board,0
daniel léger|vice-chair|post-secondary education training and labour,1,2023,2023,Daniel Léger,Vice-Chair,Post-Secondary Education Training and Labour,0
daniel mills|deputy minister|executive council office,1,2020,2020,Daniel Mills,Deputy Minister,Executive Council Office,0
daniel parent|deputy sheriff|justice,1,2014,2014,Daniel Parent,Deputy Sheriff,Justice,0
daniel r. jardine|voting member of the board of directors|justice and public safety,1,2021,2021,Daniel R. Jardine,voting member of the Board of Directors,Justice and Public Safety,0
daniel r. theriault|chairperson|post-secondary education training and labour,1,2015,2015,Daniel R. Theriault,Chairperson,Post-Secondary Education Training and Labour,0
daniel saulnier|board of governors|post-secondary education training and labour,1,2016,2016,Daniel Saulnier,Board of Governors,Post-Secondary Education Training and Labour,0
daniel soucy|minister of environment and local government|executive council office,1,2013,2013,Daniel Soucy,Minister of Environment and Local Government,Executive Council Office,0
daniel white|member|environment and local government,1,2016,2016,Daniel White,member,Environment and Local Government,0
daniele dube|returning officer|executive council office,1,2017,2017,Daniele Dube,Returning Officer,Executive Council Office,0
daniella degrace|member of the board of directors|executive council office,1,2020,2020,Daniella Degrace,member of the Board of Directors,Executive Council Office,0
danielle renee hache|vice-chair|post-secondary education training and labour,2,2013,2016,Danielle Renee Hache,Vice-Chair,Post-Secondary Education Training and Labour,3
danny cyr|deputy sheriff|justice,1,2014,2014,Danny Cyr,Deputy Sheriff,Justice,0
danny gourdeau|occupational health and safety officer|post-secondary education training and labour,1,2021,2021,Danny Gourdeau,Occupational Health and Safety Officer,Post-Secondary Education Training and Labour,0
danny stymiest|member|environment and local government,1,2021,2021,Danny Stymiest,Member,Environment and Local Government,0
danny theriault|deputy sheriff|justice,2,2014,2015,Danny Theriault,Deputy Sheriff,Justice,1
danys delaquis|her majesty's counsel|justice and public safety,1,2020,2020,Danys Delaquis,Her Majesty's Counsel,Justice and Public Safety,0
darlene doiron|member|executive council office,1,2018,2018,Darlene Doiron,member,Executive Council Office,0
"darlene dorothea tapley|member, board of directors|energy efficiency and conservation agency of new brunswick",1,2014,2014,Darlene Dorothea Tapley,"Member, Board of Directors",Energy Efficiency and Conservation Agency of New Brunswick,0
darlene skaarup|member|environment and local government,1,2023,2023,Darlene Skaarup,member,Environment and Local Government,0
"darren mcleod|member|tourism, heritage and culture",2,2019,2022,Darren McLeod,member,"Tourism, Heritage and Culture",3
darren sutherland|board member|post-secondary education training and labour,1,2013,2013,Darren Sutherland,Board Member,Post-Secondary Education Training and Labour,0
darren sutherland|member representing employers|post-secondary education training and labour,1,2016,2016,Darren Sutherland,member representing employers,Post-Secondary Education Training and Labour,0
dave duguay|occupational health and safety officer|post-secondary education training and labour,1,2020,2020,Dave Duguay,Occupational Health and Safety Officer,Post-Secondary Education Training and Labour,0
david a. bartlett|her majesty’s counsel|executive council office,1,2021,2021,David A. Bartlett,Her Majesty’s Counsel,Executive Council Office,0
david ames|vice-chair of the board of directors|justice and public safety,1,2021,2021,David Ames,Vice-Chair of the Board of Directors,Justice and Public Safety,0
david ames|voting member of the board of directors|justice and public safety,1,2021,2021,David Ames,voting member of the Board of Directors,Justice and Public Safety,0
david bell|small claims adjudicator|justice and public safety,1,2017,2017,David Bell,Small Claims Adjudicator,Justice and Public Safety,0
david blair crossman|deputy sheriff|public safety,1,2019,2019,David Blair Crossman,Deputy Sheriff,Public Safety,0
david boudreau|student member|post-secondary education training and labour,1,2015,2015,David Boudreau,Student Member,Post-Secondary Education Training and Labour,0
david brown|vice-chair|post-secondary education training and labour,1,2023,2023,David Brown,Vice-Chair,Post-Secondary Education Training and Labour,0
david burns|member|economic development,1,2013,2013,David Burns,member,Economic Development,0
david campbell|interim chair|energy and resource development; finance,1,2017,2017,David Campbell,interim Chair,Energy and Resource Development; Finance,0
david charles hickey|member of the executive council|executive council office,1,2024,2024,David Charles Hickey,member of the Executive Council,Executive Council Office,0
david cudmore|member|environment and local government,1,2013,2013,David Cudmore,member,Environment and Local Government,0
"david duplessis|member|agriculture, aquaculture and fisheries",3,2018,2024,David DuPlessis,member,"Agriculture, Aquaculture and Fisheries",6
david ellis|representative of employers of the board of directors|post-secondary education training and labour,1,2013,2013,David Ellis,representative of employers of the Board of Directors,Post-Secondary Education Training and Labour,0
david emerson|member|public safety,1,2013,2013,David Emerson,member,Public Safety,0
david evans|members of the board of examiners for compressed gas|public safety,1,2020,2020,David Evans,members of the Board of Examiners for Compressed Gas,Public Safety,0
david evans|member|justice and public safety,1,2017,2017,David Evans,member,Justice and Public Safety,0
david f. hildebrand|member representing region nine|environment and local government,1,2014,2014,David F. Hildebrand,Member representing Region Nine,Environment and Local Government,0
david f. hildebrand|member|environment and local government,2,2017,2019,David F. Hildebrand,member,Environment and Local Government,2
david farrow|coroner|public safety,2,2015,2019,David Farrow,coroner,Public Safety,4
david farrow|fee-for-service coroner|public safety,1,2013,2013,David Farrow,fee-for-service coroner,Public Safety,0
david gauthier|small claim adjudicator|justice and attorney general,1,2019,2019,David Gauthier,Small Claim Adjudicator,Justice and Attorney General,0
david giles|board member|post-secondary education training and labour,1,2013,2013,David Giles,Board Member,Post-Secondary Education Training and Labour,0
"david good|director|tourism, heritage and culture",1,2023,2023,David Good,director,"Tourism, Heritage and Culture",0
david hilderbrand|alternate member|environment and local government,1,2022,2022,David Hilderbrand,alternate member,Environment and Local Government,0
david keirstead|returning officer|elections new brunswick,1,2013,2013,David Keirstead,Returning Officer,Elections New Brunswick,0
david mombourquette|chair|post-secondary education training and labour,1,2021,2021,David Mombourquette,Chair,Post-Secondary Education Training and Labour,0
david morgan|member|public safety,1,2013,2013,David Morgan,member,Public Safety,0
david nowlan|acting comptroller|finance,1,2013,2013,David Nowlan,Acting Comptroller,Finance,0
david nowlan|member of the board of directors|finance,1,2018,2018,David Nowlan,member of the Board of Directors,Finance,0
david p. leger|act in the place of case management master for the family division|justice and attorney general,1,2013,2013,David P. Leger,Act in the place of Case Management Master for the Family Division,Justice and Attorney General,0
david perley|member of the board of governors|post-secondary education training and labour,1,2021,2021,David Perley,member of the Board of Governors,Post-Secondary Education Training and Labour,0
david r. ames|voting member of the board of directors|justice and public safety,1,2024,2024,David R. Ames,voting member of the Board of Directors,Justice and Public Safety,0
david rogers|member|executive council office,2,2016,2019,David Rogers,member,Executive Council Office,3
david rolls|returning officer|executive council office,1,2019,2019,David Rolls,Returning Officer,Executive Council Office,0
david ronald ames|member|justice and public safety,1,2018,2018,David Ronald Ames,member,Justice and Public Safety,0
david ross|chair|health,1,2021,2021,David Ross,Chair,Health,0
"david seeley|member|agriculture, aquaculture and fisheries",3,2014,2022,David Seeley,member,"Agriculture, Aquaculture and Fisheries",8
david thebeau|deputy sheriff|justice,1,2014,2014,David Thebeau,Deputy Sheriff,Justice,0
david w. wishart|alternate member representing region eleven|environment and local government,1,2014,2014,David W. Wishart,Alternate member representing Region Eleven,Environment and Local Government,0
david woolnough|member of the board of governors|post-secondary education training and labour,1,2021,2021,David Woolnough,member of the Board of Governors,Post-Secondary Education Training and Labour,0
david woolnough|member|post-secondary education training and labour,1,2013,2013,David Woolnough,member,Post-Secondary Education Training and Labour,0
dawn hubbard|member|finance and treasury board,1,2023,2023,Dawn Hubbard,member,Finance and Treasury Board,0
dawn stevens|member representing the public at large|office of the premier,1,2016,2016,Dawn Stevens,member representing the Public at Large,Office of the Premier,0
dawn stevens|member|office of the premier,2,2017,2017,Dawn Stevens,member,Office of the Premier,0
dean johnston|member|social development,1,2021,2021,Dean Johnston,member,Social Development,0
dean johnston|returning officer|executive council office,2,2017,2019,Dean Johnston,Returning Officer,Executive Council Office,2
deanna hawkins-scott|returning officer|executive council office,1,2019,2019,Deanna Hawkins-Scott,Returning Officer,Executive Council Office,0
debbie gray|appointment member|post-secondary education training and labour,1,2019,2019,Debbie Gray,appointment member,Post-Secondary Education Training and Labour,0
debbie gray|member representing appointments|post-secondary education training and labour,1,2022,2022,Debbie Gray,member representing appointments,Post-Secondary Education Training and Labour,0
debbie gray|representative of appointments|post-secondary education training and labour,1,2013,2013,Debbie Gray,representative of appointments,Post-Secondary Education Training and Labour,0
debbie jefferson|inspector of anatomy|health,1,2018,2018,Debbie Jefferson,Inspector of Anatomy,Health,0
debbie maillet|deputy sheriff|justice,1,2014,2014,Debbie Maillet,Deputy Sheriff,Justice,0
debbie miller|returning officer|elections new brunswick,1,2013,2013,Debbie Miller,Returning Officer,Elections New Brunswick,0
debora hallihan|deputy sheriff|justice,1,2014,2014,Debora Hallihan,Deputy Sheriff,Justice,0
debora hallihan|sheriff|justice and public safety,1,2016,2016,Debora Hallihan,Sheriff,Justice and Public Safety,0
deborah brine|returning officer|executive council office,1,2017,2017,Deborah Brine,Returning Officer,Executive Council Office,0
deborah harding|member|health,2,2014,2017,Deborah Harding,member,Health,3
debra locke|ticket reviewer|justice and attorney general; public safety,1,2020,2020,Debra Locke,ticket reviewer,Justice and Attorney General; Public Safety,0
debra romero|chairperson|post-secondary education training and labour,1,2017,2017,Debra Romero,Chairperson,Post-Secondary Education Training and Labour,0
debra romero|chair|post-secondary education training and labour,1,2020,2020,Debra Romero,chair,Post-Secondary Education Training and Labour,0
deidra lapage|coroner|justice and public safety,1,2016,2016,Deidra LaPage,coroner,Justice and Public Safety,0
deirdre l. wade|chairperson|justice and public safety,1,2021,2021,Deirdre L. Wade,Chairperson,Justice and Public Safety,0
delcia cool|municipal returning officer|elections new brunswick,1,2019,2019,Delcia Cool,municipal returning officer,Elections New Brunswick,0
delcia cool|returning officer|executive council office,1,2019,2019,Delcia Cool,Returning Officer,Executive Council Office,0
della malloch|coroner|justice and public safety,1,2017,2017,Della Malloch,coroner,Justice and Public Safety,0
della malloch|coroner|public safety,1,2013,2013,Della Malloch,coroner,Public Safety,0
deloitte llp|auditor|energy and mines,1,2013,2013,Deloitte LLP,auditor,Energy and Mines,0
"denis caron|acting deputy minister of agriculture, aquaculture and fisheries|agriculture, aquaculture and fisheries",2,2014,2014,Denis Caron,"Acting Deputy Minister of Agriculture, Aquaculture and Fisheries","Agriculture, Aquaculture and Fisheries",0
denis caron|chair|economic development,2,2013,2014,Denis Caron,Chair,Economic Development,1
denis caron|deputy minister of economic development|executive council office,1,2013,2013,Denis Caron,Deputy Minister of Economic Development,Executive Council Office,0
denis caron|member|executive council office,1,2013,2013,Denis Caron,member,Executive Council Office,0
denis caron|president|executive council office,1,2013,2013,Denis Caron,President,Executive Council Office,0
denis caron|vice-chairperson|economic development,1,2015,2015,Denis Caron,Vice-Chairperson,Economic Development,0
denis desjardins|coroner|public safety,1,2019,2019,Denis Desjardins,coroner,Public Safety,0
denis desrosiers|member|post-secondary education training and labour,1,2013,2013,Denis DesRosiers,member,Post-Secondary Education Training and Labour,0
denis g. thériault|his majesty’s counsel|justice and public safety,1,2024,2024,Denis G. Thériault,His Majesty’s Counsel,Justice and Public Safety,0
denis goguen|alternate member|environment and local government,1,2017,2017,Denis Goguen,alternate member,Environment and Local Government,0
denis landry|acting minister of transportation and infrastructure|executive council office,1,2018,2018,Denis Landry,Acting Minister of Transportation and Infrastructure,Executive Council Office,0
denis landry|member of the executive council|executive council office,1,2014,2014,Denis Landry,member of the Executive Council,Executive Council Office,0
denis landry|minister of justice and public safety|executive council office,2,2016,2018,Denis Landry,Minister of Justice and Public Safety,Executive Council Office,2
denis landry|solicitor general|executive council office,1,2018,2018,Denis Landry,Solicitor General,Executive Council Office,0
denis landry|vice-chairperson|board of management,1,2014,2014,Denis Landry,Vice-Chairperson,Board of Management,0
denis leger|member and chair|healthy and inclusive communities,1,2014,2014,Denis Leger,member and chair,Healthy and Inclusive Communities,0
denis mallet|member representing the north-east region of the province|post-secondary education training and labour,1,2023,2023,Denis Mallet,member representing the North-East region of the province,Post-Secondary Education Training and Labour,0
denis mallet|member|post-secondary education training and labour,1,2020,2020,Denis Mallet,member,Post-Secondary Education Training and Labour,0
denis nadeau|board of governors|post-secondary education training and labour,1,2017,2017,Denis Nadeau,Board of Governors,Post-Secondary Education Training and Labour,0
denis nadeau|member|post-secondary education training and labour,1,2020,2020,Denis Nadeau,member,Post-Secondary Education Training and Labour,0
denis pinet|returning officer|elections new brunswick,1,2018,2018,Denis Pinet,Returning Officer,Elections New Brunswick,0
denis rioux|occupational health and safety officer|post-secondary education training and labour,1,2021,2021,Denis Rioux,Occupational Health and Safety Officer,Post-Secondary Education Training and Labour,0
denis-andre ward|member|education and early childhood development,1,2020,2020,Denis-Andre Ward,Member,Education and Early Childhood Development,0
denise a. leblanc|chair|health,1,2014,2014,Denise A. LeBlanc,chair,Health,0
denise ann leblanc|provincial court judge|justice,1,2016,2016,Denise Ann LeBlanc,Provincial Court Judge,Justice,0
denise frenette|member of the board of governors|post-secondary education training and labour,1,2018,2018,Denise Frenette,member of the Board of Governors,Post-Secondary Education Training and Labour,0
denise frenette|member representing the south east region|post-secondary education training and labour,1,2021,2021,Denise Frenette,member representing the South East region,Post-Secondary Education Training and Labour,0
denise frenette|member|post-secondary education training and labour,1,2024,2024,Denise Frenette,member,Post-Secondary Education Training and Labour,0
denise galley-horncastle|director|social development,2,2014,2017,Denise Galley-Horncastle,Director,Social Development,3
denise hollway|public member|health,2,2019,2022,Denise Hollway,public member,Health,3
denise martin|returning officer|elections new brunswick,1,2013,2013,Denise Martin,Returning Officer,Elections New Brunswick,0
dennis flood|member of the board of directors|economic development,1,2015,2015,Dennis Flood,Member of the Board of Directors,Economic Development,0
dennis flood|member of the board of directors|opportunities new brunswick,1,2017,2017,Dennis Flood,member of the Board of Directors,Opportunities New Brunswick,0
dennis gallant|deputy sheriff|justice,1,2014,2014,Dennis Gallant,Deputy Sheriff,Justice,0
denny vautour|worker representative on the board of directors|post-secondary education training and labour,1,2022,2022,Denny Vautour,Worker Representative on the Board of Directors,Post-Secondary Education Training and Labour,0
dental practitioners|medical staff|health,1,2016,2016,dental practitioners,medical staff,Health,0
denyse helene landry|vice-chairpersons|post-secondary education training and labour,1,2015,2015,Denyse Helene Landry,Vice-Chairpersons,Post-Secondary Education Training and Labour,0
derek burchill|board of governors as a person nominated by the minister|post-secondary education training and labour,1,2017,2017,Derek Burchill,Board of Governors as a person nominated by the Minister,Post-Secondary Education Training and Labour,0
"derek cassista|member|agriculture, aquaculture and fisheries",2,2022,2023,Derek Cassista,member,"Agriculture, Aquaculture and Fisheries",1
"derek cooke|board member|tourism, heritage and culture",1,2019,2019,Derek Cooke,Board Member,"Tourism, Heritage and Culture",0
"derek cooke|member of the board|tourism, heritage and culture",1,2022,2022,Derek Cooke,member of the Board,"Tourism, Heritage and Culture",0
derek g. pannell|chair|executive council office,1,2020,2020,Derek G. Pannell,Chair,Executive Council Office,0
derek oland|vice-chair|healthy and inclusive communities,1,2014,2014,Derek Oland,Vice-Chair,Healthy and Inclusive Communities,0
diane allain|member of the board of governors|post-secondary education training and labour,1,2023,2023,Diane Allain,member of the Board of Governors,Post-Secondary Education Training and Labour,0
diane botelho|executive director|executive council office,1,2023,2023,Diane Botelho,Executive Director,Executive Council Office,0
diane boulay|member of the family income security appeal board|social development,1,2015,2015,Diane Boulay,Member of the Family Income Security Appeal Board,Social Development,0
diane boulay|member|social development,1,2018,2018,Diane Boulay,member,Social Development,0
diane brideau-laughlin|public member|health,2,2019,2022,Diane Brideau-Laughlin,public member,Health,3
diane carey|member|health,2,2021,2024,Diane Carey,member,Health,3
diane cunningham|coroner|public safety,1,2013,2013,Diane Cunningham,coroner,Public Safety,0
diane deschenes|case management master|justice and public safety,1,2021,2021,Diane Deschenes,Case Management Master,Justice and Public Safety,0
diane deschénes|adjudicator|justice and public safety,1,2018,2018,Diane Deschénes,Adjudicator,Justice and Public Safety,0
diane deschénes|case management master|justice and public safety,1,2018,2018,Diane Deschénes,Case Management Master,Justice and Public Safety,0
diane deschénes|emergency adjudicative officer|justice and public safety,1,2018,2018,Diane Deschénes,Emergency Adjudicative Officer,Justice and Public Safety,0
diane gallant|returning officer|executive council office,1,2017,2017,Diane Gallant,Returning Officer,Executive Council Office,0
diane gauvin|triage coordinator|justice and attorney general,1,2019,2019,Diane Gauvin,Triage Coordinator,Justice and Attorney General,0
docile cormier|members of the small claims complaints committee panel|justice,1,2014,2014,Docile Cormier,Members of the Small Claims Complaints Committee Panel,Justice,0
dolore lirette|deputy sheriff|justice,1,2014,2014,Dolore Lirette,Deputy Sheriff,Justice,0
dominic aube|director|social development,1,2017,2017,Dominic Aube,Director,Social Development,0
dominic aubé|director|social development,1,2018,2018,Dominic Aubé,Director,Social Development,0
dominic cardy|member of the executive council|executive council office,1,2020,2020,Dominic Cardy,member of the Executive Council,Executive Council Office,0
dominic cardy|members of the executive council|executive council office,1,2018,2018,Dominic Cardy,members of the Executive Council,Executive Council Office,0
dominic cardy|minister of education and early childhood development|executive council office,2,2018,2020,Dominic Cardy,Minister of Education and Early Childhood Development,Executive Council Office,2
dominic cardy|vice-chair|executive council office,2,2018,2020,Dominic Cardy,Vice-Chair,Executive Council Office,2
dominic gould|deputy sheriff|justice and public safety,1,2018,2018,Dominic Gould,Deputy Sheriff,Justice and Public Safety,0
dominic papillon|deputy sheriff|justice and public safety,1,2016,2016,Dominic Papillon,Deputy Sheriff,Justice and Public Safety,0
dominick nadeau|coroner|public safety,1,2014,2014,Dominick Nadeau,coroner,Public Safety,0
don fox|member|environment and local government,1,2021,2021,Don Fox,Member,Environment and Local Government,0
don moors|member|justice,1,2014,2014,Don Moors,member,Justice,0
don sherwood|alternate member|environment and local government,1,2013,2013,Don Sherwood,alternate member,Environment and Local Government,0
donald arsenault|returning officer|executive council office,1,2017,2017,Donald Arsenault,Returning Officer,Executive Council Office,0
donald arseneault|member of the executive council|executive council office,1,2014,2014,Donald Arseneault,member of the Executive Council,Executive Council Office,0
donald arseneault|member|executive council office,1,2017,2017,Donald Arseneault,member,Executive Council Office,0
donald arseneault|minister of energy and mines|executive council office,1,2014,2014,Donald Arseneault,Minister of Energy and Mines,Executive Council Office,0
"donald arseneault|minister of post-secondary education, training and labour|executive council office",1,2016,2016,Donald Arseneault,"Minister of Post-Secondary Education, Training and Labour",Executive Council Office,0
donald boudreau|adjudicator|justice and public safety,1,2018,2018,Donald Boudreau,Adjudicator,Justice and Public Safety,0
donald boudreau|administrator of the family division|justice,1,2014,2014,Donald Boudreau,Administrator of the Family Division,Justice,0
donald boudreau|case management master|justice and public safety,2,2018,2021,Donald Boudreau,Case Management Master,Justice and Public Safety,3
donald boudreau|chief hearing officer|justice and public safety,1,2018,2018,Donald Boudreau,Chief Hearing Officer,Justice and Public Safety,0
donald boudreau|clerk of the trial division|justice,1,2014,2014,Donald Boudreau,Clerk of the Trial Division,Justice,0
donald boudreau|clerk|justice,1,2014,2014,Donald Boudreau,Clerk,Justice,0
donald boudreau|deputy registrar|justice,1,2014,2014,Donald Boudreau,deputy registrar,Justice,0
donald boudreau|emergency adjudicative officer|justice and public safety,1,2018,2018,Donald Boudreau,Emergency Adjudicative Officer,Justice and Public Safety,0
donald c. arseneau|his majesty’s counsel|executive council office,1,2023,2023,Donald C. Arseneau,His Majesty’s Counsel,Executive Council Office,0
donald c. arseneau|small claim adjudicator|justice and attorney general,1,2019,2019,Donald C. Arseneau,Small Claim Adjudicator,Justice and Attorney General,0
donald cullinan|chairs|health,1,2019,2019,Donald Cullinan,Chairs,Health,0
donald cullinan|chair|health,1,2024,2024,Donald Cullinan,Chair,Health,0
donald dalling|commissioner|finance,1,2014,2014,Donald Dalling,commissioner,Finance,0
donald f. cullinan|chair|health,1,2016,2016,Donald F. Cullinan,Chair,Health,0
donald f. cullinan|reviewing officer|justice,1,2014,2014,Donald F. Cullinan,reviewing officer,Justice,0
donald french|member|finance and treasury board,1,2019,2019,Donald French,member,Finance and Treasury Board,0
donald gauvin|member|post-secondary education training and labour,1,2013,2013,Donald Gauvin,member,Post-Secondary Education Training and Labour,0
donald higgins|public member|health,2,2013,2016,Donald Higgins,public member,Health,3
donald leblanc|deputy sheriff|justice,1,2014,2014,Donald LeBlanc,Deputy Sheriff,Justice,0
donald maclean|vice-chairperson|post-secondary education training and labour,1,2014,2014,Donald MacLean,Vice-Chairperson,Post-Secondary Education Training and Labour,0
donald moore|member of the board of directors|service new brunswick,2,2019,2022,Donald Moore,member of the Board of Directors,Service New Brunswick,3
donald v. keenan|his majesty’s counsel|executive council office,1,2023,2023,Donald V. Keenan,His Majesty’s Counsel,Executive Council Office,0
donald wade|returning officer|executive council office,1,2019,2019,Donald Wade,Returning Officer,Executive Council Office,0
donat paulin|coroner|public safety,1,2015,2015,Donat Paulin,coroner,Public Safety,0
donna bovolaneas|board of governors as a person nominated by the board|post-secondary education training and labour,1,2017,2017,Donna Bovolaneas,Board of Governors as a person nominated by the Board,Post-Secondary Education Training and Labour,0
donna bovolaneas|member of the board of directors|finance,1,2015,2015,Donna Bovolaneas,member of the Board of Directors,Finance,0
donna gauthier|municipal returning officer|elections new brunswick,1,2015,2015,Donna Gauthier,municipal returning officer,Elections New Brunswick,0
donna l. macewen|her majesty's counsel|executive council office,1,2019,2019,Donna L. MacEwen,Her Majesty's Counsel,Executive Council Office,0
donna mclaughlin|member|health,1,2018,2018,Donna McLaughlin,member,Health,0
donna mcneill|worker representative|post-secondary education training and labour,1,2018,2018,Donna McNeill,worker representative,Post-Secondary Education Training and Labour,0
donna redmond gates|member|environment and local government,1,2024,2024,Donna Redmond Gates,member,Environment and Local Government,0
doreen saulis|member of the board of governors|post-secondary education training and labour,1,2015,2015,Doreen Saulis,member of the Board of Governors,Post-Secondary Education Training and Labour,0
doreen saulis|member of the family income security appeal board|social development,1,2015,2015,Doreen Saulis,Member of the Family Income Security Appeal Board,Social Development,0
doreen saulis|member|social development,1,2018,2018,Doreen Saulis,member,Social Development,0
dorine pirie|chairperson of the board of directors|post-secondary education training and labour,2,2015,2016,Dorine Pirie,Chairperson of the Board of Directors,Post-Secondary Education Training and Labour,1
"doris losier|member|agriculture, aquaculture and fisheries",1,2018,2018,Doris Losier,Member,"Agriculture, Aquaculture and Fisheries",0
doris roy|member of the board of governors|post-secondary education training and labour,1,2024,2024,Doris Roy,member of the Board of Governors,Post-Secondary Education Training and Labour,0
dorothy shephard|member of the executive council responsible for the administration|executive council office,1,2022,2022,Dorothy Shephard,Member of the Executive Council responsible for the administration,Executive Council Office,0
dorothy shephard|member of the executive council|executive council office,1,2020,2020,Dorothy Shephard,member of the Executive Council,Executive Council Office,0
dorothy shephard|members of the executive council|executive council office,1,2018,2018,Dorothy Shephard,members of the Executive Council,Executive Council Office,0
dorothy shephard|member|executive council office,1,2022,2022,Dorothy Shephard,Member,Executive Council Office,0
dorothy shephard|minister of health|executive council office,1,2020,2020,Dorothy Shephard,Minister of Health,Executive Council Office,0
dorothy shephard|minister of social development|executive council office,2,2019,2022,Dorothy Shephard,Minister of Social Development,Executive Council Office,3
dorothy shephard|vice-chair of the board|executive council office,1,2022,2022,Dorothy Shephard,Vice-Chair of the Board,Executive Council Office,0
dorothy theriault|member|post-secondary education training and labour,2,2016,2019,Dorothy Theriault,member,Post-Secondary Education Training and Labour,3
dorthy vernon|provincial analyst|public safety,1,2019,2019,Dorthy Vernon,provincial analyst,Public Safety,0
doug arch|coroner|public safety,1,2014,2014,Doug Arch,coroner,Public Safety,0
doug baker|member of the financial and consumer services tribunal|finance and treasury board,1,2020,2020,Doug Baker,member of the Financial and Consumer Services Tribunal,Finance and Treasury Board,0
doug gaudett|member of the board of directors|service new brunswick,2,2018,2021,Doug Gaudett,member of the Board of Directors,Service New Brunswick,3
doug pond|returning officer|elections new brunswick,1,2013,2013,Doug Pond,Returning Officer,Elections New Brunswick,0
"douglas baker, ca|member|justice",1,2014,2014,"Douglas Baker, CA",Member,Justice,0
douglas baker|lay representative|health,1,2021,2021,Douglas Baker,lay representative,Health,0
douglas baker|member|finance and treasury board,1,2021,2021,Douglas Baker,member,Finance and Treasury Board,0
douglas browne|fire marshal|public safety,1,2014,2014,Douglas Browne,Fire Marshal,Public Safety,0
"douglas c. stanley|member, chairperson|justice and public safety",1,2024,2024,Douglas C. Stanley,"member, Chairperson",Justice and Public Safety,0
douglas e. arch|coroners|justice and public safety,1,2017,2017,Douglas E. Arch,coroners,Justice and Public Safety,0
douglas jones|president and chief executive officer|post-secondary education training and labour,1,2018,2018,Douglas Jones,President and Chief Executive Officer,Post-Secondary Education Training and Labour,0
douglas prebble|chair|natural resources,1,2013,2013,Douglas Prebble,Chair,Natural Resources,0
douglas wayne getty|coroner|justice and public safety,1,2017,2017,Douglas Wayne Getty,coroner,Justice and Public Safety,0
douglas wayne getty|coroner|public safety,2,2014,2020,Douglas Wayne Getty,coroner,Public Safety,6
duane augustine|coroner|public safety,1,2014,2014,Duane Augustine,coroner,Public Safety,0
duane m. mcafee|his majesty’s counsel|justice and public safety,1,2024,2024,Duane M. McAfee,His Majesty’s Counsel,Justice and Public Safety,0
"duane mcafee|member and chair for the south, zone 2|health",1,2013,2013,Duane McAfee,"member and chair for the South, Zone 2",Health,0
duane r. augustine|coroner|justice and public safety,1,2017,2017,Duane R. Augustine,coroner,Justice and Public Safety,0
dylan vickery|deputy sheriff|public safety,1,2019,2019,Dylan Vickery,Deputy Sheriff,Public Safety,0
e. qajaq robinson|commissioner|aboriginal affairs secretariat,1,2018,2018,E. Qajaq Robinson,Commissioner,Aboriginal Affairs Secretariat,0
earl brewer|member of the board of directors|economic development,1,2015,2015,Earl Brewer,Member of the Board of Directors,Economic Development,0
earl r. robinson|member|service new brunswick,1,2013,2013,Earl R. Robinson,Member,Service New Brunswick,0
eben creaser|chair|public safety,1,2013,2013,Eben Creaser,Chair,Public Safety,0
eben creaser|member and chair|public safety,1,2020,2020,Eben Creaser,member and Chair,Public Safety,0
ed barrett|interim member|energy and resource development; finance,1,2017,2017,Ed Barrett,interim member,Energy and Resource Development; Finance,0
"eddy robichaud|vice-chair|agriculture, aquaculture and fisheries",2,2018,2021,Eddy Robichaud,vice-chair,"Agriculture, Aquaculture and Fisheries",3
edgar landry|lay representative|health,3,2014,2018,Edgar Landry,lay representative,Health,4
"edith doucet|acting deputy minister of healthy and inclusive communities|agriculture, aquaculture and fisheries",2,2014,2014,Edith Doucet,Acting Deputy Minister of Healthy and Inclusive Communities,"Agriculture, Aquaculture and Fisheries",0
edith doucet|member|regional development corporation,1,2015,2015,Edith Doucet,member,Regional Development Corporation,0
edouard hendriks|member|health,1,2021,2021,Edouard Hendriks,member,Health,0
"edouard williams|member|agriculture, aquaculture and fisheries",1,2013,2013,Edouard Williams,member,"Agriculture, Aquaculture and Fisheries",0
edward barrett|chair|energy and mines,1,2014,2014,Edward Barrett,Chair,Energy and Mines,0
edward barrett|chair|energy and resource development,1,2019,2019,Edward Barrett,Chair,Energy and Resource Development,0
edward barrett|director|energy and mines,1,2014,2014,Edward Barrett,director,Energy and Mines,0
edward barrett|director|energy and resource development,1,2019,2019,Edward Barrett,Director,Energy and Resource Development,0
edward doherty|member|board of management,1,2014,2014,Edward Doherty,Member,Board of Management,0
edward doherty|member|executive council office,2,2016,2017,Edward Doherty,member,Executive Council Office,1
edward doherty|minister of service new brunswick|executive council office,1,2016,2016,Edward Doherty,Minister of Service New Brunswick,Executive Council Office,0
edward higgins|small claims adjudicator|justice and public safety,1,2017,2017,Edward Higgins,Small Claims Adjudicator,Justice and Public Safety,0
edward joseph doherty|minister of government services|executive council office,1,2014,2014,Edward Joseph Doherty,Minister of Government Services,Executive Council Office,0
edward l. derrah|her majesty's counsel|office of the attorney general,1,2016,2016,Edward L. Derrah,Her Majesty's Counsel,Office of the Attorney General,0
edward mclean|public member|health,1,2013,2013,Edward McLean,public member,Health,0
"elaine geary|member|tourism, heritage and culture",1,2013,2013,Elaine Geary,member,"Tourism, Heritage and Culture",0
elaine hoyt|returning officer|elections new brunswick,1,2013,2013,Elaine Hoyt,Returning Officer,Elections New Brunswick,0
elaine o'leary|returning officer|executive council office,1,2017,2017,Elaine O'Leary,Returning Officer,Executive Council Office,0
elaine reid|returning officer|elections new brunswick,1,2014,2014,Elaine Reid,Returning Officer,Elections New Brunswick,0
"eldon joseph bernard|member|tourism, heritage and culture",1,2014,2014,Eldon Joseph Bernard,member,"Tourism, Heritage and Culture",0
"eldon toner|member of the board of directors|tourism, heritage and culture",1,2017,2017,Eldon Toner,member of the Board of Directors,"Tourism, Heritage and Culture",0
eleanor leonard|returning officer|elections new brunswick,1,2015,2015,Eleanor Leonard,returning officer,Elections New Brunswick,0
eleanor leonard|returning officer|executive council office,1,2019,2019,Eleanor Leonard,Returning Officer,Executive Council Office,0
elizabeth forestell|member|post-secondary education training and labour,1,2022,2022,Elizabeth Forestell,member,Post-Secondary Education Training and Labour,0
elizabeth macpherson|vice-chairperson|post-secondary education training and labour,1,2015,2015,Elizabeth MacPherson,Vice-Chairperson,Post-Secondary Education Training and Labour,0
elizabeth macpherson|vice-chair|post-secondary education training and labour,1,2018,2018,Elizabeth Macpherson,Vice-Chair,Post-Secondary Education Training and Labour,0
elizabeth rainer|representative of the department of natural resources|natural resources,1,2013,2013,Elizabeth Rainer,representative of the Department of Natural Resources,Natural Resources,0
elizabeth turgeon|member|finance,1,2016,2016,Elizabeth Turgeon,member,Finance,0
elizabeth turgeon|member|finance and treasury board,1,2022,2022,Elizabeth Turgeon,member,Finance and Treasury Board,0
elizabeth turgeon|member|finance; treasury board,1,2019,2019,Elizabeth Turgeon,member,Finance; Treasury Board,0
elizabeth turgeon|small claims adjudicator|justice and public safety,1,2017,2017,Elizabeth Turgeon,Small Claims Adjudicator,Justice and Public Safety,0
elizabeth watters-gray|board of governors as a person nominated by the minister|post-secondary education training and labour,1,2017,2017,Elizabeth Watters-Gray,Board of Governors as a person nominated by the Minister,Post-Secondary Education Training and Labour,0
elizabeth watters-gray|member of the board of governors|post-secondary education training and labour,1,2020,2020,Elizabeth Watters-Gray,member of the Board of Governors,Post-Secondary Education Training and Labour,0
ellen c. desmond|her majesty's counsel|office of the attorney general,1,2015,2015,Ellen C. Desmond,Her Majesty's Counsel,Office of the Attorney General,0
"ellen c. desmond|vice-chair, representing the anglophone community|education and early childhood development",1,2017,2017,Ellen C. Desmond,"vice-chair, representing the Anglophone community",Education and Early Childhood Development,0
ellen culbert|member representing anglophone teachers|education and early childhood development,1,2024,2024,Ellen Culbert,member representing anglophone teachers,Education and Early Childhood Development,0
ellen culbert|member|education and early childhood development,1,2020,2020,Ellen Culbert,Member,Education and Early Childhood Development,0
"elspeth m. hagan|member of the board|tourism, heritage and culture",1,2017,2017,Elspeth M. Hagan,member of the Board,"Tourism, Heritage and Culture",0
emelie richard|returning officer|executive council office,1,2017,2017,Emelie Richard,Returning Officer,Executive Council Office,0
emil t. olsen|member|post-secondary education training and labour,1,2014,2014,Emil T. Olsen,member,Post-Secondary Education Training and Labour,0
emilie plourde|alternate chair|health,1,2023,2023,Emilie Plourde,alternate chair,Health,0
emilie plourde|deputy registrar|justice and public safety,1,2024,2024,Emilie Plourde,Deputy Registrar,Justice and Public Safety,0
emily caissy|coroner|justice and public safety,1,2017,2017,Emily Caissy,Coroner,Justice and Public Safety,0
emily caissy|coroner|public safety,1,2020,2020,Emily Caissy,coroner,Public Safety,0
emily cochrane|trustee|post-secondary education training and labour,1,2021,2021,Emily Cochrane,trustee,Post-Secondary Education Training and Labour,0
emily martin|deputy sheriff|justice,1,2015,2015,Emily Martin,Deputy Sheriff,Justice,0
emily muckler|member organization representative|women's equality,1,2024,2024,Emily Muckler,Member Organization Representative,Women's Equality,0
emily teed|commissioner|executive council office,1,2022,2022,Emily Teed,commissioner,Executive Council Office,0
"emily teed|president, member|tourism, heritage and culture",1,2024,2024,Emily Teed,"President, Member","Tourism, Heritage and Culture",0
"emmanuel elmajian|member of the board|tourism, heritage and culture",1,2022,2022,Emmanuel Elmajian,member of the Board,"Tourism, Heritage and Culture",0
eric beaulieu|deputy clerk|executive council office,1,2016,2016,Eric Beaulieu,Deputy Clerk,Executive Council Office,0
eric beaulieu|deputy minister of health|executive council office,1,2022,2022,Eric Beaulieu,Deputy Minister of Health,Executive Council Office,0
eric beaulieu|deputy minister of social development|executive council office,1,2017,2017,Eric Beaulieu,Deputy Minister of Social Development,Executive Council Office,0
eric beaulieu|president|executive council office,1,2017,2017,Eric Beaulieu,President,Executive Council Office,0
eric beaulieu|president|social development,1,2018,2018,Eric Beaulieu,President,Social Development,0
eric beaulieu|secretary|economic development,1,2014,2014,Eric Beaulieu,Secretary,Economic Development,0
eric cassista|deputy sheriff|justice and public safety,1,2017,2017,Eric Cassista,Deputy Sheriff,Justice and Public Safety,0
eric falkjar|member|environment and local government,1,2020,2020,Eric Falkjar,member,Environment and Local Government,0
eric mcelroy|deputy sheriff|justice,1,2015,2015,Eric McElroy,Deputy Sheriff,Justice,0
eric mcelroy|deputy sheriff|public safety,1,2019,2019,Eric McElroy,Deputy Sheriff,Public Safety,0
eric p. sonier|provincial court judge|justice,1,2016,2016,Eric P. Sonier,Provincial Court Judge,Justice,0
erica frecker|member|health,1,2019,2019,Erica Frecker,Member,Health,0
ericka frecker|member|health,1,2016,2016,Ericka Frecker,member,Health,0
erik roy|his majesty’s counsel|justice and public safety,1,2024,2024,Erik Roy,His Majesty’s Counsel,Justice and Public Safety,0
erika r. hachey|vice-chairperson|post-secondary education training and labour,1,2020,2020,Erika R. Hachey,Vice-Chairperson,Post-Secondary Education Training and Labour,0
erin doucette|residential tenancies officer|service new brunswick,1,2018,2018,Erin Doucette,residential tenancies officer,Service New Brunswick,0
erin hardy|deputy registrar general of land titles|service new brunswick,1,2021,2021,Erin Hardy,Deputy Registrar General of Land Titles,Service New Brunswick,0
ernie steeves|chair|executive council office,4,2018,2023,Ernie Steeves,Chair,Executive Council Office,5
ernie steeves|member of the executive council|executive council office,1,2020,2020,Ernie Steeves,member of the Executive Council,Executive Council Office,0
ernie steeves|members of the executive council|executive council office,1,2018,2018,Ernie Steeves,members of the Executive Council,Executive Council Office,0
ernie steeves|minister of finance and president of treasury board|executive council office,1,2018,2018,Ernie Steeves,Minister of Finance and President of Treasury Board,Executive Council Office,0
ernie steeves|minister of finance and treasury board|executive council office,2,2020,2020,Ernie Steeves,Minister of Finance and Treasury Board,Executive Council Office,0
etiennette bosse|member|post-secondary education training and labour,1,2020,2020,Etiennette Bosse,member,Post-Secondary Education Training and Labour,0
eugen stoica|deputy sheriff|justice and public safety,1,2016,2016,Eugen Stoica,Deputy Sheriff,Justice and Public Safety,0
eva sock|member|health,2,2016,2019,Eva Sock,member,Health,3
evan campbell|health and safety officer|post-secondary education training and labour,1,2018,2018,Evan Campbell,Health and Safety Officer,Post-Secondary Education Training and Labour,0
eveline harrison|returning officer|executive council office,1,2019,2019,Eveline Harrison,Returning Officer,Executive Council Office,0
f. winfield hackett|vice-chairperson of the appeals tribunal|post-secondary education training and labour,1,2013,2013,F. Winfield Hackett,Vice-Chairperson of the Appeals Tribunal,Post-Secondary Education Training and Labour,0
fabrice amang dang|student member|post-secondary education training and labour,1,2019,2019,Fabrice Amang Dang,student member,Post-Secondary Education Training and Labour,0
faith ekemeiren omo-eguaoje|member|natural resources and energy development,1,2024,2024,Faith Ekemeiren Omo-Eguaoje,member,Natural Resources and Energy Development,0
fernand de varennes|member|post-secondary education training and labour,1,2016,2016,Fernand de Varennes,member,Post-Secondary Education Training and Labour,0
fernand landry|deputy sheriff|justice and public safety,1,2017,2017,Fernand Landry,Deputy Sheriff,Justice and Public Safety,0
fernande chouinard|public representative|health,1,2014,2014,Fernande Chouinard,public representative,Health,0
ferne ashford|member|finance and treasury board,2,2022,2023,Ferne Ashford,member,Finance and Treasury Board,1
ferne ashford|member|finance; treasury board,1,2019,2019,Ferne Ashford,member,Finance; Treasury Board,0
ferne ashford|member|justice and attorney general,1,2013,2013,Ferne Ashford,member,Justice and Attorney General,0
ferne m. ashford|her majesty’s counsel|executive council office,1,2021,2021,Ferne M. Ashford,Her Majesty’s Counsel,Executive Council Office,0
florence hubbard|inspector|public safety,1,2013,2013,Florence Hubbard,inspector,Public Safety,0
floyd graves|returning officer|elections new brunswick,1,2013,2013,Floyd Graves,Returning Officer,Elections New Brunswick,0
floyd graves|returning officer|executive council office,1,2017,2017,Floyd Graves,Returning Officer,Executive Council Office,0
floyd haley|members|health,1,2013,2013,Floyd Haley,members,Health,0
floyd j. guitard|member of the board of examiners for power engineers|justice and public safety,1,2017,2017,Floyd J. Guitard,member of the Board of Examiners for Power Engineers,Justice and Public Safety,0
france chassé|member|health,1,2014,2014,France Chassé,member,Health,0
france godbout|member|post-secondary education training and labour,1,2017,2017,France Godbout,Member,Post-Secondary Education Training and Labour,0
france levesque-ouellette|member|public safety,1,2015,2015,France Levesque-Ouellette,member,Public Safety,0
france picard|member|health,1,2021,2021,France Picard,member,Health,0
frances leblanc|member|post-secondary education training and labour,1,2022,2022,Frances LeBlanc,Member,Post-Secondary Education Training and Labour,0
francine cyr|member of the appeal board on teacher certification|education and early childhood development,1,2014,2014,Francine Cyr,Member of the Appeal Board on Teacher Certification,Education and Early Childhood Development,0
francine dallaire|worker's advocate|post-secondary education training and labour,1,2015,2015,Francine Dallaire,Worker's Advocate,Post-Secondary Education Training and Labour,0
francine kanhai|member|finance,1,2018,2018,Francine Kanhai,member,Finance,0
francine kanhai|member|finance and treasury board,2,2021,2022,Francine Kanhai,member,Finance and Treasury Board,1
francine kanhai|member|justice,1,2015,2015,Francine Kanhai,member,Justice,0
francine landry|member of the executive council|executive council office,1,2014,2014,Francine Landry,member of the Executive Council,Executive Council Office,0
francine landry|member|board of management,1,2014,2014,Francine Landry,Member,Board of Management,0
francine landry|member|executive council office,2,2017,2018,Francine Landry,Member,Executive Council Office,1
francine landry|minister of economic development|executive council office,1,2016,2016,Francine Landry,Minister of Economic Development,Executive Council Office,0
"francine landry|minister of post-secondary education, training and labour|executive council office",1,2014,2014,Francine Landry,"Minister of Post-Secondary Education, Training and Labour",Executive Council Office,0
francine mulherin|member of the family income security appeal board|social development,1,2015,2015,Francine Mulherin,Member of the Family Income Security Appeal Board,Social Development,0
francine mulherin|member|social development,1,2018,2018,Francine Mulherin,member,Social Development,0
francine mulherin|municipal returning officer|elections new brunswick,1,2015,2015,Francine Mulherin,municipal returning officer,Elections New Brunswick,0
francine mulherin|returning officer|elections new brunswick,1,2013,2013,Francine Mulherin,Returning Officer,Elections New Brunswick,0
"francine quinn-steeves|member of the board|tourism, heritage and culture",1,2022,2022,Francine Quinn-Steeves,member of the Board,"Tourism, Heritage and Culture",0
francis rioux|member of the municipal capital borrowing board|executive council office,1,2020,2020,Francis Rioux,Member of the Municipal Capital Borrowing Board,Executive Council Office,0
francois beaulieu|member|energy and mines,1,2014,2014,Francois Beaulieu,Member,Energy and Mines,0
francois beaulieu|vice-chairperson|energy and mines,1,2014,2014,Francois Beaulieu,Vice-Chairperson,Energy and Mines,0
francois beaulieu|vice-chairperson|natural resources and energy development,1,2021,2021,Francois Beaulieu,Vice-Chairperson,Natural Resources and Energy Development,0
francois boudreau|occupational health and safety officer|post-secondary education training and labour,1,2015,2015,Francois Boudreau,Occupational Health and Safety Officer,Post-Secondary Education Training and Labour,0
francois boutot|member of the board of governors|post-secondary education training and labour,1,2019,2019,Francois Boutot,member of the Board of Governors,Post-Secondary Education Training and Labour,0
francois carrier|expropriations advisory officer|justice and public safety,1,2023,2023,Francois Carrier,Expropriations Advisory Officer,Justice and Public Safety,0
francois frenette|deputy sheriff|justice and public safety,1,2017,2017,Francois Frenette,Deputy Sheriff,Justice and Public Safety,0
francois m. angers|vice-chairperson of the board of directors|post-secondary education training and labour,1,2015,2015,Francois M. Angers,Vice-Chairperson of the Board of Directors,Post-Secondary Education Training and Labour,0
frangois beaulieu|chairperson|natural resources and energy development,1,2022,2022,Frangois Beaulieu,Chairperson,Natural Resources and Energy Development,0
frangois breton|provincial analyst|public safety,1,2019,2019,Frangois Breton,provincial analyst,Public Safety,0
"frangoise roy|deputy minister of tourism, heritage and culture|executive council office",1,2016,2016,Frangoise Roy,"Deputy Minister of Tourism, Heritage and Culture",Executive Council Office,0
frank b. trevors|members|health,1,2013,2013,Frank B. Trevors,members,Health,0
fred fearon|coroner|public safety,1,2013,2013,Fred Fearon,coroner,Public Safety,0
fred w. hamilton|returning officer|executive council office,1,2019,2019,Fred W. Hamilton,Returning Officer,Executive Council Office,0
frederic benoit|deputy sheriff|justice and public safety,1,2017,2017,Frederic Benoit,Deputy Sheriff,Justice and Public Safety,0
frederick a. welsford|her majesty's counsel|executive council office,1,2019,2019,Frederick A. Welsford,Her Majesty's Counsel,Executive Council Office,0
frederick j. dixon|member|environment and local government,1,2013,2013,Frederick J. Dixon,member,Environment and Local Government,0
gabrielle sherwood|deputy sheriff|justice,1,2014,2014,Gabrielle Sherwood,Deputy Sheriff,Justice,0
gaetan beaulieu|coroner|justice and public safety,1,2017,2017,Gaetan Beaulieu,coroner,Justice and Public Safety,0
gaetan germain|coroners|public safety,1,2019,2019,Gaetan Germain,coroners,Public Safety,0
gaetan guerette|member of the board of directors|post-secondary education training and labour,1,2017,2017,Gaetan Guerette,member of the Board of Directors,Post-Secondary Education Training and Labour,0
gaetan thomas|interim member|energy and resource development; finance,1,2017,2017,Gaetan Thomas,interim member,Energy and Resource Development; Finance,0
gaetan thomas|president and chief executive officer|energy and mines,1,2013,2013,Gaetan Thomas,President and Chief Executive Officer,Energy and Mines,0
gail bremner|chair|social development,1,2023,2023,Gail Bremner,Chair,Social Development,0
gail bremner|member|health,1,2021,2021,Gail Bremner,member,Health,0
gail gardiner|alternate member|health,1,2023,2023,Gail Gardiner,alternate member,Health,0
gail maxwell|coroner|public safety,1,2015,2015,Gail Maxwell,coroner,Public Safety,0
"gail swan|member of the board of directors|tourism, heritage and culture",1,2017,2017,Gail Swan,member of the Board of Directors,"Tourism, Heritage and Culture",0
"gailen allan|chairperson|agriculture, aquaculture and fisheries",2,2021,2024,Gailen Allan,Chairperson,"Agriculture, Aquaculture and Fisheries",3
"gailen allan|member|agriculture, aquaculture and fisheries",1,2021,2021,Gailen Allan,member,"Agriculture, Aquaculture and Fisheries",0
"gailen allan|vice-chairperson|agriculture, aquaculture and fisheries",1,2018,2018,Gailen Allan,Vice-Chairperson,"Agriculture, Aquaculture and Fisheries",0
garth lawson|member of the board of directors|service new brunswick,1,2018,2018,Garth Lawson,Member of the Board of Directors,Service New Brunswick,0
garth lawson|member|service new brunswick,2,2015,2021,Garth Lawson,member,Service New Brunswick,6
gary barbour|returning officer|executive council office,1,2020,2020,Gary Barbour,returning officer,Executive Council Office,0
gary bell|member|social development,1,2014,2014,Gary Bell,member,Social Development,0
gary clark|lay representative|health,1,2013,2013,Gary Clark,lay representative,Health,0
gary crossman|member of the executive council|executive council office,1,2020,2020,Gary Crossman,member of the Executive Council,Executive Council Office,0
gary crossman|member|executive council office,2,2022,2023,Gary Crossman,Member,Executive Council Office,1
gary crossman|minister of environment and climate change|executive council office,1,2020,2020,Gary Crossman,Minister of Environment and Climate Change,Executive Council Office,0
gary mclaughlin|chairman|health,1,2016,2016,Gary McLaughlin,chairman,Health,0
gary mclaughlin|chairs|health,1,2019,2019,Gary Mclaughlin,Chairs,Health,0
gary mclaughlin|chair|health,1,2024,2024,Gary McLaughlin,Chair,Health,0
gary mersereau|alternate member|environment and local government,2,2018,2024,Gary Mersereau,Alternate Member,Environment and Local Government,6
gary mersereau|alternative member|environment and local government,1,2021,2021,Gary Mersereau,alternative member,Environment and Local Government,0
gary ritchie|appointment member|post-secondary education training and labour,1,2019,2019,Gary Ritchie,appointment member,Post-Secondary Education Training and Labour,0
gary ritchie|member representing appointments|post-secondary education training and labour,1,2022,2022,Gary Ritchie,member representing appointments,Post-Secondary Education Training and Labour,0
gary ritchie|representative of appointments|post-secondary education training and labour,1,2013,2013,Gary Ritchie,representative of appointments,Post-Secondary Education Training and Labour,0
gary w. hickey|member representing region five|environment and local government,1,2014,2014,Gary W. Hickey,Member representing Region Five,Environment and Local Government,0
gary w. vincent|commissioner|finance and treasury board,1,2020,2020,Gary W. Vincent,commissioner,Finance and Treasury Board,0
gaston malenfant|chair|post-secondary education training and labour,1,2017,2017,Gaston Malenfant,Chair,Post-Secondary Education Training and Labour,0
gaétan beaulieu|coroner|public safety,1,2013,2013,Gaétan Beaulieu,coroner,Public Safety,0
gaétan guérette|member representing employers|post-secondary education training and labour,1,2024,2024,Gaétan Guérette,member representing employers,Post-Secondary Education Training and Labour,0
genevieve jean|alternate chair|health,1,2020,2020,Genevieve Jean,alternate Chair,Health,0
genevieve pilon|member|post-secondary education training and labour,1,2017,2017,Genevieve Pilon,Member,Post-Secondary Education Training and Labour,0
genevieve pilon|occupational health and safety officer|post-secondary education training and labour,1,2016,2016,Genevieve Pilon,Occupational Health and Safety Officer,Post-Secondary Education Training and Labour,0
geneviéve jean|chair|health,1,2022,2022,Geneviéve Jean,Chair,Health,0
geneviéve latour|member organization representative|women's equality,1,2024,2024,Geneviéve Latour,Member Organization Representative,Women's Equality,0
geoffrey bladon|alternate chair|post-secondary education training and labour,1,2016,2016,Geoffrey Bladon,Alternate Chair,Post-Secondary Education Training and Labour,0
geoffrey bladon|vice- chair|post-secondary education training and labour,1,2022,2022,Geoffrey Bladon,Vice- Chair,Post-Secondary Education Training and Labour,0
geoffrey bladon|vice-chair|post-secondary education training and labour,3,2013,2019,Geoffrey Bladon,Vice-Chair,Post-Secondary Education Training and Labour,6
george a. mcallister|her majesty's counsel|justice,1,2014,2014,George A. McAllister,Her Majesty's Counsel,Justice,0
george cooper|chairs|health,1,2019,2019,George Cooper,Chairs,Health,0
george daley|deputy minister of education and early childhood development (anglophone)|executive council office,1,2019,2019,George Daley,Deputy Minister of Education and Early Childhood Development (Anglophone),Executive Council Office,0
george duff|returning officer|executive council office,1,2019,2019,George Duff,Returning Officer,Executive Council Office,0
george estey|member representing appointments|post-secondary education training and labour,1,2014,2014,George Estey,member representing appointments,Post-Secondary Education Training and Labour,0
george estey|member|post-secondary education training and labour,1,2017,2017,George Estey,member,Post-Secondary Education Training and Labour,0
george filliter|chairperson|post-secondary education training and labour,1,2014,2014,George Filliter,Chairperson,Post-Secondary Education Training and Labour,0
george filliter|chair|post-secondary education training and labour,1,2019,2019,George Filliter,Chair,Post-Secondary Education Training and Labour,0
george frederick morton|coroner|public safety,1,2013,2013,George Frederick Morton,coroner,Public Safety,0
george h. leblanc|her majesty's counsel|justice,1,2014,2014,George H. LeBlanc,Her Majesty's Counsel,Justice,0
george l. cooper|chairman|health,1,2016,2016,George L. Cooper,chairman,Health,0
george lacey|member of the board of examiners for power engineers|justice and public safety,1,2017,2017,George Lacey,member of the Board of Examiners for Power Engineers,Justice and Public Safety,0
george lacey|member|public safety,2,2013,2020,George Lacey,member,Public Safety,7
"george macdonald|member of the board of directors|tourism, heritage and culture",1,2018,2018,George MacDonald,member of the Board of Directors,"Tourism, Heritage and Culture",0
george murray|member|health,1,2018,2018,George Murray,member,Health,0
george p. filliter|her majesty's counsel|office of the attorney general,1,2015,2015,George P. Filliter,Her Majesty's Counsel,Office of the Attorney General,0
george richmond|member|post-secondary education training and labour,2,2013,2016,George Richmond,member,Post-Secondary Education Training and Labour,3
george thibodeau|coroner|public safety,1,2019,2019,George Thibodeau,Coroner,Public Safety,0
georges leger|member|finance and treasury board,2,2022,2023,Georges Leger,member,Finance and Treasury Board,1
georges leger|member|finance; treasury board,1,2019,2019,Georges Leger,member,Finance; Treasury Board,0
georges leger|member|justice,1,2014,2014,Georges Leger,member,Justice,0
georgina hubbard|member|health,1,2021,2021,Georgina Hubbard,member,Health,0
"gerald chevrier|member|agriculture, aquaculture and fisheries",1,2018,2018,Gerald Chevrier,member,"Agriculture, Aquaculture and Fisheries",0
gerald cluney|employer member|post-secondary education training and labour,1,2019,2019,Gerald Cluney,employer member,Post-Secondary Education Training and Labour,0
gerald leblanc|deputy sheriff|justice,1,2014,2014,Gerald LeBlanc,Deputy Sheriff,Justice,0
gerald levesque|member|justice and attorney general,1,2020,2020,Gerald Levesque,member,Justice and Attorney General,0
gerald macpherson|member representing the fredericton region|office of the premier,1,2016,2016,Gerald MacPherson,member representing the Fredericton Region,Office of the Premier,0
gerald macpherson|member|office of the premier,2,2017,2017,Gerald MacPherson,member,Office of the Premier,0
gerald richard|deputy minister (francophone)|executive council office,1,2013,2013,Gerald Richard,Deputy Minister (Francophone),Executive Council Office,0
geraldine (nadine) villegas|member of the board of governors|post-secondary education training and labour,1,2023,2023,Geraldine (Nadine) Villegas,member of the Board of Governors,Post-Secondary Education Training and Labour,0
gerard beaulieu|returning officer|executive council office,1,2019,2019,Gerard Beaulieu,Returning Officer,Executive Council Office,0
gerard robichaud|alternate member|environment and local government,1,2022,2022,Gerard Robichaud,alternate member,Environment and Local Government,0
gerard robichaud|member representing forest industries|energy and resource development,1,2018,2018,Gerard Robichaud,member representing forest industries,Energy and Resource Development,0
gerard robichaud|member representing region four|environment and local government,1,2014,2014,Gerard Robichaud,Member representing Region Four,Environment and Local Government,0
gerard robichaud|member representing the forest industries|natural resources,1,2014,2014,Gerard Robichaud,Member representing the forest industries,Natural Resources,0
gerard robichaud|member|environment and local government,2,2017,2019,Gerard Robichaud,member,Environment and Local Government,2
germaine guimond|member|social development,1,2021,2021,Germaine Guimond,member,Social Development,0
gerrie leblanc|member|social development,1,2014,2014,Gerrie LeBlanc,member,Social Development,0
gerry cluney|representative of employers|post-secondary education training and labour,1,2013,2013,Gerry Cluney,representative of employers,Post-Secondary Education Training and Labour,0
gerry legere|member representing region three|environment and local government,1,2014,2014,Gerry Legere,Member representing Region Three,Environment and Local Government,0
gerry legere|member|finance and treasury board,1,2021,2021,Gerry Legere,member,Finance and Treasury Board,0
gerry legere|member|justice,1,2014,2014,Gerry Legere,member,Justice,0
gerry légére|member|finance,1,2019,2019,Gerry Légére,member,Finance,0
"gerry peters|chair, member|health",1,2024,2024,Gerry Peters,"Chair, member",Health,0
gerry peters|member|finance and treasury board,1,2023,2023,Gerry Peters,member,Finance and Treasury Board,0
gilda rd chiasson|member|environment and local government,1,2019,2019,Gilda rd Chiasson,member,Environment and Local Government,0
gildard chiasson|vice-chair|social development,1,2014,2014,Gildard Chiasson,Vice-Chair,Social Development,0
gilles blinn|discipline committee|environment and local government,1,2020,2020,Gilles Blinn,Discipline Committee,Environment and Local Government,0
gilles bourque|member of the appeal board on teacher certification|education and early childhood development,1,2014,2014,Gilles Bourque,Member of the Appeal Board on Teacher Certification,Education and Early Childhood Development,0
gilles cormier|member of the board of directors|executive council office,2,2020,2023,Gilles Cormier,member of the Board of Directors,Executive Council Office,3
gilles cété|deputy sheriff|public safety,1,2019,2019,Gilles Cété,Deputy Sheriff,Public Safety,0
"gilles godbout|member|agriculture, aquaculture and fisheries",3,2018,2024,Gilles Godbout,member,"Agriculture, Aquaculture and Fisheries",6
"gilles lepage|acting minister of tourism, heritage and culture|executive council office",1,2018,2018,Gilles LePage,"Acting Minister of Tourism, Heritage and Culture",Executive Council Office,0
gilles lepage|member of the executive council|executive council office,2,2017,2024,Gilles LePage,member of the Executive Council,Executive Council Office,7
gilles lepage|minister of environment and climate change|executive council office,1,2024,2024,Gilles LePage,Minister of Environment and Climate Change,Executive Council Office,0
"gilles lepage|minister of labour, employment and population growth|executive council office",2,2017,2018,Gilles LePage,"Minister of Labour, Employment and Population Growth",Executive Council Office,1
gillian paul|member|post-secondary education training and labour,1,2018,2018,Gillian Paul,member,Post-Secondary Education Training and Labour,0
ginette verret- morin|member|justice and public safety,1,2016,2016,Ginette Verret- Morin,member,Justice and Public Safety,0
ginny macdonald|member of the board of directors|new brunswick housing corporation,1,2023,2023,Ginny MacDonald,member of the Board of Directors,New Brunswick Housing Corporation,0
ginny macdonald|member|finance and treasury board,1,2023,2023,Ginny MacDonald,member,Finance and Treasury Board,0
gino thomas|occupational health and safety officer|post-secondary education training and labour,1,2021,2021,Gino Thomas,Occupational Health and Safety Officer,Post-Secondary Education Training and Labour,0
giselle goguen|chair|environment and local government,1,2024,2024,Giselle Goguen,Chair,Environment and Local Government,0
giselle price|alternate member|environment and local government,1,2016,2016,Giselle Price,Alternate Member,Environment and Local Government,0
giselle price|member|environment and local government,3,2017,2023,Giselle Price,Member,Environment and Local Government,6
gisia pisegna|lay representative|health,1,2016,2016,Gisia Pisegna,lay representative,Health,0
gisia pisegna|public representative|health,1,2019,2019,Gisia Pisegna,public representative,Health,0
giséle levesque|vice-chairperson|energy efficiency and conservation agency of new brunswick,1,2014,2014,Giséle Levesque,Vice-Chairperson,Energy Efficiency and Conservation Agency of New Brunswick,0
glen perron|deputy sheriff|justice,1,2014,2014,Glen Perron,Deputy Sheriff,Justice,0
glen perron|deputy sheriff|justice and attorney general,1,2013,2013,Glen Perron,Deputy Sheriff,Justice and Attorney General,0
glen savoie|acting minister of environment and climate change|executive council office,1,2024,2024,Glen Savoie,Acting Minister of Environment and Climate Change,Executive Council Office,0
glen savoie|member of the executive council|executive council office,2,2020,2020,Glen Savoie,member of the Executive Council,Executive Council Office,0
glen savoie|minister of environment and climate change|executive council office,1,2024,2024,Glen Savoie,Minister of Environment and Climate Change,Executive Council Office,0
glen savoie|minister of local government|executive council office,1,2023,2023,Glen Savoie,Minister of Local Government,Executive Council Office,0
"glen treadaway|director|tourism, heritage and culture",1,2023,2023,Glen Treadaway,director,"Tourism, Heritage and Culture",0
gloria clark|member representing employers|post-secondary education training and labour,1,2022,2022,Gloria Clark,member representing employers,Post-Secondary Education Training and Labour,0
"gloria clark|member, representing employers|post-secondary education training and labour",1,2019,2019,Gloria Clark,"Member, representing employers",Post-Secondary Education Training and Labour,0
gloria clark|representative of employers|post-secondary education training and labour,1,2016,2016,Gloria Clark,representative of employers,Post-Secondary Education Training and Labour,0
gloria jollymore|member of the board of directors|economic development,1,2015,2015,Gloria Jollymore,Member of the Board of Directors,Economic Development,0
gloria jollymore|member of the board of directors|opportunities new brunswick,1,2017,2017,Gloria Jollymore,member of the Board of Directors,Opportunities New Brunswick,0
gordie lavoie|member|executive council office,1,2022,2022,Gordie Lavoie,Member,Executive Council Office,0
gordie lavoie|vice-chair of the board of directors|executive council office,1,2023,2023,Gordie Lavoie,Vice-Chair of the Board of Directors,Executive Council Office,0
gordon friars|coroner|public safety,2,2013,2015,Gordon Friars,coroner,Public Safety,2
gordon gilman|acting chief executive officer|executive council office,1,2015,2015,Gordon Gilman,Acting Chief Executive Officer,Executive Council Office,0
gordon gilman|deputy minister of human resources|executive council office,1,2015,2015,Gordon Gilman,Deputy Minister of Human Resources,Executive Council Office,0
gordon gilman|deputy minister|executive council office,1,2016,2016,Gordon Gilman,Deputy Minister,Executive Council Office,0
gordon gilman|interim deputy minister of finance|executive council office,1,2015,2015,Gordon Gilman,interim Deputy Minister of Finance,Executive Council Office,0
gordon gilman|secretary|executive council office,1,2016,2016,Gordon Gilman,Secretary,Executive Council Office,0
"gordon labillois|member of the board|tourism, heritage and culture",1,2017,2017,Gordon LaBillois,member of the Board,"Tourism, Heritage and Culture",0
gordon roy|board member|post-secondary education training and labour,1,2013,2013,Gordon Roy,Board Member,Post-Secondary Education Training and Labour,0
gordon wilson|returning officer|executive council office,1,2017,2017,Gordon Wilson,Returning Officer,Executive Council Office,0
grace lee cutler|member and secretary|environment and local government,1,2018,2018,Grace Lee Cutler,member and secretary,Environment and Local Government,0
greg bridgeo|alternate member|health,1,2023,2023,Greg Bridgeo,alternate member,Health,0
"greg lutes|deputy minister of tourism, heritage and culture|executive council office",1,2013,2013,Greg Lutes,"Deputy Minister of Tourism, Heritage and Culture",Executive Council Office,0
greg lutes|supervisor|environment and local government,1,2023,2023,Greg Lutes,Supervisor,Environment and Local Government,0
greg maclean|alternate chair|health,1,2017,2017,Greg MacLean,alternate chair,Health,0
greg mckim|member|finance and treasury board,1,2023,2023,Greg McKim,member,Finance and Treasury Board,0
greg thompson|members of the executive council|executive council office,1,2018,2018,Greg Thompson,members of the Executive Council,Executive Council Office,0
greg thompson|minister of intergovernmental affairs|executive council office,1,2019,2019,Greg Thompson,Minister of Intergovernmental Affairs,Executive Council Office,0
"greg turner|acting minister of post-secondary education, training and labour|executive council office",1,2024,2024,Greg Turner,"Acting Minister of Post-Secondary Education, Training and Labour",Executive Council Office,0
greg turner|member of the executive council|executive council office,1,2023,2023,Greg Turner,member of the Executive Council,Executive Council Office,0
greg turner|minister of post-secondary education|executive council office,1,2024,2024,Greg Turner,Minister of Post-Secondary Education,Executive Council Office,0
gregg houser|director|finance and treasury board,1,2022,2022,Gregg Houser,director,Finance and Treasury Board,0
gregory a. maclean|alternate chair|health,1,2014,2014,Gregory A. MacLean,alternate chair,Health,0
gregory cook|board of directors|environment and local government,1,2020,2020,Gregory Cook,Board of Directors,Environment and Local Government,0
gregory cook|member of the board of directors|environment and local government,1,2022,2022,Gregory Cook,member of the Board of Directors,Environment and Local Government,0
gregory curwin|non-academic staff member|post-secondary education training and labour,1,2013,2013,Gregory Curwin,Non-Academic Staff member,Post-Secondary Education Training and Labour,0
gregory f. stewart|coroner|justice and public safety,1,2018,2018,Gregory F. Stewart,coroner,Justice and Public Safety,0
gregory francis thompson|member|justice,1,2014,2014,Gregory Francis Thompson,Member,Justice,0
gregory zed|member|office of the premier,1,2019,2019,Gregory Zed,Member,Office of the Premier,0
guilda fournier|vice-chairperson of the appeals tribunal|post-secondary education training and labour,1,2013,2013,Guilda Fournier,Vice-Chairperson of the Appeals Tribunal,Post-Secondary Education Training and Labour,0
guy daigle|acting deputy attorney general|executive council office,1,2013,2013,Guy Daigle,Acting Deputy Attorney General,Executive Council Office,0
guy daigle|acting deputy minister of justice and acting deputy attorney general|executive council office,1,2013,2013,Guy Daigle,Acting Deputy Minister of Justice and Acting Deputy Attorney General,Executive Council Office,0
guy daigle|acting deputy minister|executive council office,1,2013,2013,Guy Daigle,Acting Deputy Minister,Executive Council Office,0
guy dumas|chair|health,2,2015,2023,Guy Dumas,chair,Health,8
guy dumas|member and chair for zone 5|health,1,2018,2018,Guy Dumas,member and chair for Zone 5,Health,0
guylaine dorion|deputy sheriff|justice,1,2015,2015,Guylaine Dorion,Deputy Sheriff,Justice,0
guylaine duguay|deputy sheriff|justice and public safety,1,2017,2017,Guylaine Duguay,Deputy Sheriff,Justice and Public Safety,0
"guylaine savoie|alternate member|agriculture, aquaculture and fisheries",1,2023,2023,Guylaine Savoie,Alternate Member,"Agriculture, Aquaculture and Fisheries",0
guylaine savoie|member|health,1,2023,2023,Guylaine Savoie,member,Health,0
guylaine savoie|member|social development,1,2021,2021,Guylaine Savoie,member,Social Development,0
guyverson vernous|member|post-secondary education training and labour,1,2021,2021,Guyverson Vernous,Member,Post-Secondary Education Training and Labour,0
"gwen davies|member of the board|tourism, heritage and culture",1,2017,2017,Gwen Davies,member of the Board,"Tourism, Heritage and Culture",0
gérald mallais|returning officer|elections new brunswick,1,2013,2013,Gérald Mallais,Returning Officer,Elections New Brunswick,0
gérald mallais|returning officer|executive council office,1,2019,2019,Gérald Mallais,Returning Officer,Executive Council Office,0
gérald richard|deputy minister of health|executive council office,1,2019,2019,Gérald Richard,Deputy Minister of Health,Executive Council Office,0
h. anne caverhill|public representative|health,1,2021,2021,H. Anne Caverhill,public representative,Health,0
h. wade maclauchlan|chancellor|post-secondary education training and labour,1,2023,2023,H. Wade MacLauchlan,Chancellor,Post-Secondary Education Training and Labour,0
"haley bungay|governor|tourism, heritage and culture",1,2024,2024,Haley Bungay,Governor,"Tourism, Heritage and Culture",0
haley flaro|member|healthy and inclusive communities,1,2014,2014,Haley Flaro,member,Healthy and Inclusive Communities,0
haley flaro|vice-chairperson|post-secondary education training and labour,1,2021,2021,Haley Flaro,Vice-Chairperson,Post-Secondary Education Training and Labour,0
haley flaro|vice-chair|post-secondary education training and labour,1,2017,2017,Haley Flaro,Vice-Chair,Post-Secondary Education Training and Labour,0
"hannah searle|member nominated by the minister|agriculture, aquaculture and fisheries",1,2014,2014,Hannah Searle,member nominated by the Minister,"Agriculture, Aquaculture and Fisheries",0
hans bouma|member representing producers|natural resources,1,2014,2014,Hans Bouma,Member representing producers,Natural Resources,0
"hans bouma|member|agriculture, aquaculture and fisheries",2,2013,2022,Hans Bouma,member,"Agriculture, Aquaculture and Fisheries",9
hans klohn|member of the board of governors|post-secondary education training and labour,1,2017,2017,Hans Klohn,member of the Board of Governors,Post-Secondary Education Training and Labour,0
harold r. grew|her majesty's counsel|justice,1,2014,2014,Harold R. Grew,Her Majesty's Counsel,Justice,0
harry doyle|members|health,1,2013,2013,Harry Doyle,members,Health,0
harry doyle|member|health,2,2019,2022,Harry Doyle,member,Health,3
harry gerard gallant|coroner|public safety,1,2019,2019,Harry Gerard Gallant,coroner,Public Safety,0
harvey aucoin|returning officer|executive council office,1,2020,2020,Harvey Aucoin,returning officer,Executive Council Office,0
harvey leger|member|environment and local government,1,2015,2015,Harvey Leger,member,Environment and Local Government,0
harvey léger|member|environment and local government,1,2018,2018,Harvey Léger,member,Environment and Local Government,0
heather ashley atherton|deputy sheriff|justice,1,2015,2015,Heather Ashley Atherton,Deputy Sheriff,Justice,0
heather ashley atherton|deputy sheriff|public safety,1,2019,2019,Heather Ashley Atherton,Deputy Sheriff,Public Safety,0
heather black|member|natural resources and energy development,1,2022,2022,Heather Black,member,Natural Resources and Energy Development,0
heather black|public intervener|office of the attorney general,1,2014,2014,Heather Black,Public Intervener,Office of the Attorney General,0
heather bursey|member|health,2,2017,2020,Heather Bursey,member,Health,3
heather chandler|member|executive council office,1,2021,2021,Heather Chandler,member,Executive Council Office,0
heather chetley|returning officer|elections new brunswick,1,2013,2013,Heather Chetley,Returning Officer,Elections New Brunswick,0
heather doyle landry|her majesty's counsel|justice,1,2014,2014,Heather Doyle Landry,Her Majesty's Counsel,Justice,0
heather e. stephen|members|justice and attorney general,1,2013,2013,Heather E. Stephen,members,Justice and Attorney General,0
heather jensen|member|health,2,2016,2018,Heather Jensen,member,Health,2
heather stephen|member|finance,1,2016,2016,Heather Stephen,member,Finance,0
heather stephen|member|finance and treasury board,2,2022,2023,Heather Stephen,member,Finance and Treasury Board,1
heather stephen|member|finance; treasury board,1,2019,2019,Heather Stephen,member,Finance; Treasury Board,0
hebataila mohamed|member|executive council office,1,2022,2022,Hebataila Mohamed,member,Executive Council Office,0
hebert arseneault|member|environment and local government,1,2017,2017,Hebert Arseneault,member,Environment and Local Government,0
hector losier|worker representative|post-secondary education training and labour,2,2015,2019,Hector Losier,worker representative,Post-Secondary Education Training and Labour,4
heidi liston|acting deputy minister of health|executive council office,1,2021,2021,Heidi Liston,Acting Deputy Minister of Health,Executive Council Office,0
heidi liston|deputy minister of environment and climate change|executive council office,1,2022,2022,Heidi Liston,Deputy Minister of Environment and Climate Change,Executive Council Office,0
heidi liston|deputy minister of health|executive council office,1,2021,2021,Heidi Liston,Deputy Minister of Health,Executive Council Office,0
heidi macdonald|trustee|post-secondary education training and labour,1,2022,2022,Heidi MacDonald,trustee,Post-Secondary Education Training and Labour,0
heidi ryder|member|education and early childhood development,1,2017,2017,Heidi Ryder,member,Education and Early Childhood Development,0
"helen jean newman|director|tourism, heritage and culture",1,2022,2022,Helen Jean Newman,director,"Tourism, Heritage and Culture",0
helen jean newman|member of the board of directors|social development,1,2019,2019,Helen Jean Newman,member of the Board of Directors,Social Development,0
"helen jean newman|member of the board of directors|tourism, heritage and culture",2,2014,2017,Helen Jean Newman,member of the Board of Directors,"Tourism, Heritage and Culture",3
"helen jean newman|member|tourism, heritage and culture",1,2019,2019,Helen Jean Newman,member,"Tourism, Heritage and Culture",0
helen jean newman|vice-chair of the board of directors|social development,1,2019,2019,Helen Jean Newman,Vice-Chair of the Board of Directors,Social Development,0
"helen jean newman|vice-chair of the board of directors|tourism, heritage and culture",2,2019,2022,Helen Jean Newman,Vice-Chair of the Board of Directors,"Tourism, Heritage and Culture",3
helene bouchard|acting deputy minister of intergovernmental affairs|executive council office,1,2017,2017,Helene Bouchard,Acting Deputy Minister of Intergovernmental Affairs,Executive Council Office,0
helene bouchard|director|executive council office,1,2019,2019,Helene Bouchard,Director,Executive Council Office,0
"helene bouchard|member|agriculture, aquaculture and fisheries",1,2013,2013,Helene Bouchard,member,"Agriculture, Aquaculture and Fisheries",0
"helene bouchard|vice-chair|agriculture, aquaculture and fisheries",1,2013,2013,Helene Bouchard,Vice-Chair,"Agriculture, Aquaculture and Fisheries",0
hermel vienneau|member|post-secondary education training and labour,1,2020,2020,Hermel Vienneau,member,Post-Secondary Education Training and Labour,0
"herménégilde chiasson|member|tourism, heritage and culture",1,2014,2014,Herménégilde Chiasson,member,"Tourism, Heritage and Culture",0
hollie godbout|deputy sheriff|justice and public safety,1,2017,2017,Hollie Godbout,Deputy Sheriff,Justice and Public Safety,0
holly nason|acting registrar of regulations|office of the attorney general,1,2017,2017,Holly Nason,Acting Registrar of Regulations,Office of the Attorney General,0
holly nason|registrar of regulations|office of the attorney general,1,2018,2018,Holly Nason,Registrar of Regulations,Office of the Attorney General,0
holly stewart|member of the board of directors|natural resources and energy development,1,2022,2022,Holly Stewart,member of the Board of Directors,Natural Resources and Energy Development,0
hugh j. (ted) flemming|member|executive council office,1,2018,2018,Hugh J. (Ted) Flemming,member,Executive Council Office,0
hugh j. cameron|her majesty's counsel|justice and public safety,1,2020,2020,Hugh J. Cameron,Her Majesty's Counsel,Justice and Public Safety,0
hugh j. flemming|minister of natural resources and energy development|executive council office,1,2024,2024,Hugh J. Flemming,Minister of Natural Resources and Energy Development,Executive Council Office,0
hugh john (ted) flemming|member of the executive council|executive council office,1,2020,2020,Hugh John (Ted) Flemming,member of the Executive Council,Executive Council Office,0
hugh john (ted) flemming|members of the executive council|executive council office,1,2018,2018,Hugh John (Ted) Flemming,members of the Executive Council,Executive Council Office,0
hugh john (ted) flemming|minister of health|executive council office,1,2018,2018,Hugh John (Ted) Flemming,Minister of Health,Executive Council Office,0
"hugh john flemming|minister of justice and public safety, attorney general|executive council office",1,2020,2020,Hugh John Flemming,"Minister of Justice and Public Safety, Attorney General",Executive Council Office,0
"hugh john flemming|minister of justice, attorney general|executive council office",1,2022,2022,Hugh John Flemming,"Minister of Justice, Attorney General",Executive Council Office,0
hugh john flemming|vice-chair|executive council office,2,2022,2023,Hugh John Flemming,Vice-Chair,Executive Council Office,1
hughes chiasson|member|post-secondary education training and labour,1,2013,2013,Hughes Chiasson,member,Post-Secondary Education Training and Labour,0
héléne bouchard|acting president of the regional development corporation|executive council office,1,2019,2019,Héléne Bouchard,Acting President of the Regional Development Corporation,Executive Council Office,0
héléne savoie chouinard|member representing francophone teachers|education and early childhood development,1,2024,2024,Héléne Savoie Chouinard,member representing francophone teachers,Education and Early Childhood Development,0
héléne savoie-louis|member of the board of governors|post-secondary education training and labour,1,2024,2024,Héléne Savoie-Louis,member of the Board of Governors,Post-Secondary Education Training and Labour,0
héléne savoie-louis|member|post-secondary education training and labour,1,2021,2021,Héléne Savoie-Louis,Member,Post-Secondary Education Training and Labour,0
ian andrews|returning officer|elections new brunswick,1,2013,2013,Ian Andrews,Returning Officer,Elections New Brunswick,0
"ian baird|member of the board|tourism, heritage and culture",1,2022,2022,Ian Baird,member of the Board,"Tourism, Heritage and Culture",0
ian g. stead|member of the board of directors|social development,1,2019,2019,Ian G. Stead,member of the Board of Directors,Social Development,0
"ian g. stead|member of the board of directors|tourism, heritage and culture",1,2017,2017,Ian G. Stead,member of the Board of Directors,"Tourism, Heritage and Culture",0
ian killam|student member of the board of governors|post-secondary education training and labour,1,2017,2017,Ian Killam,Student Member of the Board of Governors,Post-Secondary Education Training and Labour,0
"imelda perley|member of the board|tourism, heritage and culture",1,2017,2017,Imelda Perley,member of the Board,"Tourism, Heritage and Culture",0
irene mccardle|member|executive council office,2,2016,2019,Irene McCardle,member,Executive Council Office,3
irwin lampert|chair|justice and public safety,1,2022,2022,Irwin Lampert,Chair,Justice and Public Safety,0
irwin lampert|voting member of the board of directors|justice and public safety,1,2022,2022,Irwin Lampert,voting member of the Board of Directors,Justice and Public Safety,0
isaac standring|student member|post-secondary education training and labour,1,2014,2014,Isaac Standring,Student Member,Post-Secondary Education Training and Labour,0
isabel hicks|member|social development,1,2017,2017,Isabel Hicks,member,Social Development,0
isabel-renée lavoie daigle|his majesty’s counsel|executive council office,1,2023,2023,Isabel-Renée Lavoie Daigle,His Majesty’s Counsel,Executive Council Office,0
isabelle bouchard|board of governors|post-secondary education training and labour,1,2016,2016,Isabelle Bouchard,Board of Governors,Post-Secondary Education Training and Labour,0
isabelle lelievre|member|post-secondary education training and labour,1,2017,2017,Isabelle Lelievre,Member,Post-Secondary Education Training and Labour,0
isabelle paulin|expropriations advisory officer|office of the attorney general,1,2016,2016,Isabelle Paulin,Expropriations Advisory Officer,Office of the Attorney General,0
isabelle paulin|vice-chairperson|post-secondary education training and labour,1,2015,2015,Isabelle Paulin,Vice-Chairperson,Post-Secondary Education Training and Labour,0
isabelle sirois|deputy sheriff|justice,1,2015,2015,Isabelle Sirois,Deputy Sheriff,Justice,0
isabelle thériault|member of the executive council|executive council office,1,2024,2024,Isabelle Thériault,member of the Executive Council,Executive Council Office,0
"isabelle thériault|minister of tourism, heritage and culture|executive council office",1,2024,2024,Isabelle Thériault,"Minister of Tourism, Heritage and Culture",Executive Council Office,0
isabelle-anne girouard|member|healthy and inclusive communities,1,2015,2015,Isabelle-Anne Girouard,member,Healthy and Inclusive Communities,0
"j. alex mcgibbon|member|tourism, heritage and culture",1,2013,2013,J. Alex McGibbon,member,"Tourism, Heritage and Culture",0
j. christopher nagle|member of the board of governors|post-secondary education training and labour,1,2015,2015,J. Christopher Nagle,member of the Board of Governors,Post-Secondary Education Training and Labour,0
j. danie roy|her majesty's counsel|executive council office,1,2019,2019,J. Danie Roy,Her Majesty's Counsel,Executive Council Office,0
j. denis boudreau|her majesty's counsel|executive council office,1,2019,2019,J. Denis Boudreau,Her Majesty's Counsel,Executive Council Office,0
j. douglas baker|member of the board of directors|environment and local government,1,2024,2024,J. Douglas Baker,member of the Board of Directors,Environment and Local Government,0
j. kitty maurey|councillor to the executive council|health,1,2023,2023,J. Kitty Maurey,Councillor to the Executive Council,Health,0
j. kitty maurey|vice-chairperson|post-secondary education training and labour,1,2015,2015,J. Kitty Maurey,Vice-Chairperson,Post-Secondary Education Training and Labour,0
j. lan walsh|member|health,1,2021,2021,J. lan Walsh,member,Health,0
j. nathalie thibault|vice-chairperson|post-secondary education training and labour,1,2017,2017,J. Nathalie Thibault,Vice-Chairperson,Post-Secondary Education Training and Labour,0
j. richard hatchette|interim chairperson|post-secondary education training and labour,1,2015,2015,J. Richard Hatchette,Interim Chairperson,Post-Secondary Education Training and Labour,0
j. richard hatchette|vice-chairpersons|post-secondary education training and labour,1,2015,2015,J. Richard Hatchette,Vice-Chairpersons,Post-Secondary Education Training and Labour,0
j. roger clinch|co-chairperson|executive council office,1,2022,2022,J. Roger Clinch,co-chairperson,Executive Council Office,0
j. roger clinch|commissioner|executive council office,1,2022,2022,J. Roger Clinch,commissioner,Executive Council Office,0
j.nathalie thibault|vice-chairperson|post-secondary education training and labour,1,2020,2020,J.Nathalie Thibault,Vice-Chairperson,Post-Secondary Education Training and Labour,0
jack brown|director|social development,1,2013,2013,Jack Brown,director,Social Development,0
jack haller|alternate chair|health,1,2018,2018,Jack Haller,alternate chair,Health,0
"jack m. blackier|member of the board of governors, person nominated by the board|post-secondary education training and labour",1,2019,2019,Jack M. Blackier,"member of the Board of Governors, person nominated by the Board",Post-Secondary Education Training and Labour,0
jackson chamberlain|deputy sheriff|justice and public safety,1,2016,2016,Jackson Chamberlain,Deputy Sheriff,Justice and Public Safety,0
jacqueline bergeron-bridges|appointment member|post-secondary education training and labour,1,2019,2019,Jacqueline Bergeron-Bridges,appointment member,Post-Secondary Education Training and Labour,0
jacqueline bergeron-bridges|member representing appointments|post-secondary education training and labour,1,2022,2022,Jacqueline Bergeron-Bridges,member representing appointments,Post-Secondary Education Training and Labour,0
jacqueline bergeron-bridges|representative of appointments|post-secondary education training and labour,1,2013,2013,Jacqueline Bergeron-Bridges,representative of appointments,Post-Secondary Education Training and Labour,0
jacqueline carrier|member|social development,1,2014,2014,Jacqueline Carrier,member,Social Development,0
jacques dubé|member and vice-chairperson|environment and local government,1,2024,2024,Jacques Dubé,member and Vice-Chairperson,Environment and Local Government,0
jacques ouellet|trustee|post-secondary education training and labour,1,2017,2017,Jacques Ouellet,Trustee,Post-Secondary Education Training and Labour,0
jacques pinet|member|regional development corporation,1,2015,2015,Jacques Pinet,member,Regional Development Corporation,0
jacques pinet|president|executive council office,1,2017,2017,Jacques Pinet,President,Executive Council Office,0
jacques soucy|member|health,1,2017,2017,Jacques Soucy,member,Health,0
jacquie st-pierre|ticket reviewer|justice and attorney general; public safety,1,2020,2020,Jacquie St-Pierre,ticket reviewer,Justice and Attorney General; Public Safety,0
jade a. spalding|his majesty’s counsel|justice and public safety,1,2024,2024,Jade A. Spalding,His Majesty’s Counsel,Justice and Public Safety,0
jaimie anne corriveau|trustee|post-secondary education training and labour,1,2017,2017,Jaimie Anne Corriveau,Trustee,Post-Secondary Education Training and Labour,0
jake stewart|members of the executive council|executive council office,1,2018,2018,Jake Stewart,members of the Executive Council,Executive Council Office,0
jake stewart|minister of aboriginal affairs|executive council office,1,2019,2019,Jake Stewart,Minister of Aboriginal Affairs,Executive Council Office,0
james a. connely|vice-chairperson|post-secondary education training and labour,1,2015,2015,James A. Connely,Vice-Chairperson,Post-Secondary Education Training and Labour,0
james a. pickett|member representing region eleven|environment and local government,1,2014,2014,James A. Pickett,Member representing Region Eleven,Environment and Local Government,0
james a. whelly|reviewing officer|justice,1,2014,2014,James A. Whelly,reviewing officer,Justice,0
james a. whelly|vice-chairperson|post-secondary education training and labour,1,2015,2015,James A. Whelly,Vice-Chairperson,Post-Secondary Education Training and Labour,0
james barrieau|deputy sheriff|justice and public safety,1,2017,2017,James Barrieau,Deputy Sheriff,Justice and Public Safety,0
james baumgartner|member of the board of directors|economic development,1,2015,2015,James Baumgartner,Member of the Board of Directors,Economic Development,0
james baumgartner|member|executive council office,2,2020,2022,James Baumgartner,member,Executive Council Office,2
james e. fowler|her majesty's counsel|justice and attorney general,1,2013,2013,James E. Fowler,Her Majesty's Counsel,Justice and Attorney General,0
"james geneau|director|tourism, heritage and culture",1,2022,2022,James Geneau,director,"Tourism, Heritage and Culture",0
james jessop|member|finance,1,2017,2017,James Jessop,member,Finance,0
james l. mockler|his majesty’s counsel|executive council office,1,2023,2023,James L. Mockler,His Majesty’s Counsel,Executive Council Office,0
james l. proudfoot|member|social development,1,2023,2023,James L. Proudfoot,Member,Social Development,0
james lamkey|member|health,1,2021,2021,James Lamkey,member,Health,0
james maurice harquail|member representing the department of energy and resource development|energy and resource development,1,2018,2018,James Maurice Harquail,member representing the Department of Energy and Resource Development,Energy and Resource Development,0
"james mockler|member and chair|agriculture, aquaculture and fisheries",1,2023,2023,James Mockler,Member and Chair,"Agriculture, Aquaculture and Fisheries",0
james patrick carr|returning officer|executive council office,1,2019,2019,James Patrick Carr,Returning Officer,Executive Council Office,0
james proudfoot|members of the family income security appeal board|social development,1,2020,2020,James Proudfoot,members of the Family Income Security Appeal Board,Social Development,0
james proudfoot|member|social development,1,2018,2018,James Proudfoot,member,Social Development,0
james robert jessop|member|justice,1,2014,2014,James Robert Jessop,member,Justice,0
james ryan|member of the board of directors|health,2,2022,2024,James Ryan,member of the Board of Directors,Health,2
james stanley|member representing workers on the board of directors|post-secondary education training and labour,1,2023,2023,James Stanley,member representing workers on the Board of Directors,Post-Secondary Education Training and Labour,0
james stanley|worker representative|post-secondary education training and labour,2,2015,2019,James Stanley,worker representative,Post-Secondary Education Training and Labour,4
james whelly|vice-chairperson|post-secondary education training and labour,1,2015,2015,James Whelly,Vice-Chairperson,Post-Secondary Education Training and Labour,0
james yerxa|reviewing officer|justice,1,2014,2014,James Yerxa,reviewing officer,Justice,0
jami moore|members of the family income security appeal board|social development,1,2020,2020,Jami Moore,members of the Family Income Security Appeal Board,Social Development,0
jami moore|member|social development,2,2018,2023,Jami Moore,member,Social Development,5
jamie c. eddy|king’s counsel|executive council office,1,2022,2022,Jamie C. Eddy,King’s Counsel,Executive Council Office,0
jamie eddy|member|justice and public safety,1,2024,2024,Jamie Eddy,member,Justice and Public Safety,0
"jan rademaker|member|agriculture, aquaculture and fisheries",5,2018,2024,Jan Rademaker,Member,"Agriculture, Aquaculture and Fisheries",6
"jan rowinski|member of the board of directors|tourism, heritage and culture",1,2014,2014,Jan Rowinski,member of the Board of Directors,"Tourism, Heritage and Culture",0
"jane garbutt|deputy minister of government services|agriculture, aquaculture and fisheries",1,2014,2014,Jane Garbutt,Deputy Minister of Government Services,"Agriculture, Aquaculture and Fisheries",0
"jane garbutt|president|agriculture, aquaculture and fisheries",2,2014,2014,Jane Garbutt,President,"Agriculture, Aquaculture and Fisheries",0
jane kindred|member|service new brunswick,2,2021,2024,Jane Kindred,member,Service New Brunswick,3
janel ouellet|member of the board of directors|finance; new brunswick liquor corporation,1,2017,2017,Janel Ouellet,Member of the Board of Directors,Finance; New Brunswick Liquor Corporation,0
janet gagnon|member and vice-chair|executive council office,2,2019,2022,Janet Gagnon,member and Vice-Chair,Executive Council Office,3
janet gagnon|member|economic development,1,2014,2014,Janet Gagnon,member,Economic Development,0
janet gagnon|member|executive council office,1,2018,2018,Janet Gagnon,member,Executive Council Office,0
janet hoyt|member of the board of governors|post-secondary education training and labour,1,2015,2015,Janet Hoyt,member of the Board of Governors,Post-Secondary Education Training and Labour,0
janet hoyt|member|post-secondary education training and labour,1,2018,2018,Janet Hoyt,member,Post-Secondary Education Training and Labour,0
janet knox|member of the board of governors|post-secondary education training and labour,1,2023,2023,Janet Knox,member of the Board of Governors,Post-Secondary Education Training and Labour,0
janet knox|member|post-secondary education training and labour,1,2020,2020,Janet Knox,Member,Post-Secondary Education Training and Labour,0
janet lawlor|alternate member|environment and local government,1,2017,2017,Janet Lawlor,alternate member,Environment and Local Government,0
janet macdonnell|lay representative|health,1,2020,2020,Janet MacDonnell,lay representative,Health,0
janet macdonnell|member|health,2,2021,2024,Janet MacDonnell,member,Health,3
janet ramey|deputy sheriff|justice,1,2014,2014,Janet Ramey,Deputy Sheriff,Justice,0
janet thomas|director|social development,1,2013,2013,Janet Thomas,director,Social Development,0
janet williams|chairperson|post-secondary education training and labour,1,2014,2014,Janet Williams,Chairperson,Post-Secondary Education Training and Labour,0
janet williams|chair|post-secondary education training and labour,1,2016,2016,Janet Williams,Chair,Post-Secondary Education Training and Labour,0
janet williams|trustees|post-secondary education training and labour,1,2013,2013,Janet Williams,trustees,Post-Secondary Education Training and Labour,0
janet williams|trustee|post-secondary education training and labour,1,2016,2016,Janet Williams,trustee,Post-Secondary Education Training and Labour,0
janice allen-scott|member of the board of directors|social development,1,2019,2019,Janice Allen-Scott,member of the Board of Directors,Social Development,0
"janice allen-scott|member|tourism, heritage and culture",1,2019,2019,Janice Allen-Scott,member,"Tourism, Heritage and Culture",0
janice goguen|nominee of the minister|post-secondary education training and labour,1,2015,2015,Janice Goguen,nominee of the Minister,Post-Secondary Education Training and Labour,0
janice leahy|acting auditor general|executive council office,1,2021,2021,Janice Leahy,Acting Auditor General,Executive Council Office,0
janik collette keddy|deputy registrar|justice and public safety,1,2024,2024,Janik Collette Keddy,Deputy Registrar,Justice and Public Safety,0
janik collette|adjudicator|justice and public safety,1,2024,2024,Janik Collette,Adjudicator,Justice and Public Safety,0
janik collette|case management master|justice and public safety,1,2024,2024,Janik Collette,Case Management Master,Justice and Public Safety,0
janik collette|emergency adjudicative officer|justice and public safety,1,2024,2024,Janik Collette,Emergency Adjudicative Officer,Justice and Public Safety,0
jared bouley|residential tenancies officer|service new brunswick,1,2021,2021,Jared Bouley,Residential Tenancies Officer,Service New Brunswick,0
jasmine murchison-perley|member|health,1,2022,2022,Jasmine Murchison-Perley,member,Health,0
jason alcorn|member of the board of governors|post-secondary education training and labour,1,2017,2017,Jason Alcorn,member of the Board of Governors,Post-Secondary Education Training and Labour,0
jason arseneault|member|intergovernmental affairs,1,2021,2021,Jason Arseneault,member,Intergovernmental Affairs,0
jason godin|alternate chair|health,1,2023,2023,Jason Godin,alternate chair,Health,0
"jason godin|vice-chair, members of the family income security appeal board|social development",1,2020,2020,Jason Godin,"Vice-Chair, members of the Family Income Security Appeal Board",Social Development,0
jason godin|vice-chair|social development,1,2023,2023,Jason Godin,Vice-Chair,Social Development,0
jason green|member representing employers on the board of directors|post-secondary education training and labour,1,2023,2023,Jason Green,member representing employers on the Board of Directors,Post-Secondary Education Training and Labour,0
jason hamilton|member|post-secondary education training and labour,1,2021,2021,Jason Hamilton,member,Post-Secondary Education Training and Labour,0
jason henderson|deputy sheriff|justice,1,2014,2014,Jason Henderson,Deputy Sheriff,Justice,0
jason mcknight|deputy sheriff|justice and public safety,1,2016,2016,Jason McKnight,Deputy Sheriff,Justice and Public Safety,0
jason steeves|public member|health,1,2022,2022,Jason Steeves,Public member,Health,0
jason t. dempsey|reviewing officer|justice,1,2014,2014,Jason T. Dempsey,reviewing officer,Justice,0
jason waye|occupational health and safety officer|post-secondary education training and labour,1,2016,2016,Jason Waye,Occupational Health and Safety Officer,Post-Secondary Education Training and Labour,0
jean allain|vice-chair|social development,1,2021,2021,Jean Allain,Vice-Chair,Social Development,0
jean b. cyr|chair|health,1,2013,2013,Jean B. Cyr,Chair,Health,0
jean b. plourde|chairman|health,1,2015,2015,Jean B. Plourde,chairman,Health,0
jean b. plourde|chair|health,1,2016,2016,Jean B. Plourde,chair,Health,0
jean bartibogue|member|post-secondary education training and labour,1,2023,2023,Jean Bartibogue,member,Post-Secondary Education Training and Labour,0
jean boudreau|member|economic development,1,2014,2014,Jean Boudreau,member,Economic Development,0
jean finn|acting president|energy efficiency and conservation agency of new brunswick,1,2014,2014,Jean Finn,Acting President,Energy Efficiency and Conservation Agency of New Brunswick,0
"jean finn|deputy minister of agriculture, aquaculture and fisheries and deputy minister of natural resources|executive council office",1,2015,2015,Jean Finn,"Deputy Minister of Agriculture, Aquaculture and Fisheries and Deputy Minister of Natural Resources",Executive Council Office,0
jean finn|deputy minister of energy and resource development|executive council office,1,2016,2016,Jean Finn,Deputy Minister of Energy and Resource Development,Executive Council Office,0
jean finn|interim member|energy and resource development; finance,1,2017,2017,Jean Finn,interim member,Energy and Resource Development; Finance,0
jean finn|members|economic development,1,2013,2013,Jean Finn,members,Economic Development,0
jean finn|member|economic development,1,2014,2014,Jean Finn,Member,Economic Development,0
jean finn|member|executive council office,1,2016,2016,Jean Finn,member,Executive Council Office,0
jean finn|member|regional development corporation,1,2015,2015,Jean Finn,member,Regional Development Corporation,0
jean guy marquis|returning officer|executive council office,1,2019,2019,Jean Guy Marquis,Returning Officer,Executive Council Office,0
jean jacques roy|board of governors|post-secondary education training and labour,1,2017,2017,Jean Jacques Roy,Board of Governors,Post-Secondary Education Training and Labour,0
"jean lanteigne|member|agriculture, aquaculture and fisheries",1,2023,2023,Jean Lanteigne,Member,"Agriculture, Aquaculture and Fisheries",0
jean leblanc|member|justice,1,2014,2014,Jean LeBlanc,member,Justice,0
jean leblanc|vice-chairperson|justice and attorney general,1,2013,2013,Jean LeBlanc,Vice-chairperson,Justice and Attorney General,0
jean poirier|member|post-secondary education training and labour,1,2022,2022,Jean Poirier,Member,Post-Secondary Education Training and Labour,0
jean rioux|director|social development,2,2014,2017,Jean Rioux,Director,Social Development,3
jean soucie|member|post-secondary education training and labour,1,2013,2013,Jean Soucie,member,Post-Secondary Education Training and Labour,0
jean yannick egnath|student member of the board of governors|post-secondary education training and labour,1,2018,2018,Jean Yannick Egnath,student member of the Board of Governors,Post-Secondary Education Training and Labour,0
jean-claude d’amours|member of the executive council|executive council office,1,2024,2024,Jean-Claude D’Amours,member of the Executive Council,Executive Council Office,0
jean-claude d’amours|minister of intergovernmental affairs|executive council office,1,2024,2024,Jean-Claude D’Amours,Minister of Intergovernmental Affairs,Executive Council Office,0
jean-claude pelletier|chairperson|health,1,2014,2014,Jean-Claude Pelletier,Chairperson,Health,0
jean-claude pelletier|member|health,1,2014,2014,Jean-Claude Pelletier,member,Health,0
jean-claude pelletier|member|post-secondary education training and labour,1,2018,2018,Jean-Claude Pelletier,member,Post-Secondary Education Training and Labour,0
jean-daniel roy|deputy sheriff|justice,1,2014,2014,Jean-Daniel Roy,Deputy Sheriff,Justice,0
jean-francois cyr|small claim adjudicator|justice and attorney general,1,2019,2019,Jean-Francois Cyr,Small Claim Adjudicator,Justice and Attorney General,0
jean-guy lirette|representative of employers|post-secondary education training and labour,1,2016,2016,Jean-Guy Lirette,representative of employers,Post-Secondary Education Training and Labour,0
"jean-guy marquis|member, board of directors|energy efficiency and conservation agency of new brunswick",1,2014,2014,Jean-Guy Marquis,"Member, Board of Directors",Energy Efficiency and Conservation Agency of New Brunswick,0
jean-jacques doucet|member|post-secondary education training and labour,1,2013,2013,Jean-Jacques Doucet,member,Post-Secondary Education Training and Labour,0
jean-jacques roy|board of governors member|post-secondary education training and labour,1,2014,2014,Jean-Jacques Roy,Board of Governors Member,Post-Secondary Education Training and Labour,0
jean-marc daigle|worker's advocate|post-secondary education training and labour,1,2015,2015,Jean-Marc Daigle,Worker's Advocate,Post-Secondary Education Training and Labour,0
"jean-marc dupuis|acting deputy minister of finance|agriculture, aquaculture and fisheries",2,2014,2014,Jean-Marc Dupuis,Acting Deputy Minister of Finance,"Agriculture, Aquaculture and Fisheries",0
"jean-marc dupuis|acting secretary of the board of management|agriculture, aquaculture and fisheries",2,2014,2014,Jean-Marc Dupuis,Acting Secretary of the Board of Management,"Agriculture, Aquaculture and Fisheries",0
"jean-marc dupuis|clerk of the executive council, head of the public service and chief operating officer|executive council office",1,2019,2019,Jean-Marc Dupuis,"Clerk of the Executive Council, Head of the Public Service and Chief Operating Officer",Executive Council Office,0
"jean-marc dupuis|deputy minister of post-secondary education, training and labour|executive council office",1,2015,2015,Jean-Marc Dupuis,"Deputy Minister of Post-Secondary Education, Training and Labour",Executive Council Office,0
jean-marc dupuis|members of the board of directors|regional development corporation,1,2016,2016,Jean-Marc Dupuis,members of the Board of Directors,Regional Development Corporation,0
jean-marc dupuis|secretary to cabinet|executive council office,1,2019,2019,Jean-Marc Dupuis,Secretary to Cabinet,Executive Council Office,0
jean-marc morneault|lay representative to the executive council|health,1,2013,2013,Jean-Marc Morneault,lay representative to the Executive Council,Health,0
"jean-marie pelletier|member|agriculture, aquaculture and fisheries",2,2021,2024,Jean-Marie Pelletier,member,"Agriculture, Aquaculture and Fisheries",3
"jean-michel michaud|member|agriculture, aquaculture and fisheries",1,2023,2023,Jean-Michel Michaud,Member,"Agriculture, Aquaculture and Fisheries",0
jean-michel michaud|student member|post-secondary education training and labour,1,2013,2013,Jean-Michel Michaud,student member,Post-Secondary Education Training and Labour,0
jean-philip basque|deputy sheriff|justice and public safety,1,2016,2016,Jean-Philip Basque,Deputy Sheriff,Justice and Public Safety,0
jean-raymond wade|interim chairperson of the appeals tribunal|post-secondary education training and labour,1,2014,2014,Jean-Raymond Wade,Interim Chairperson of the Appeals Tribunal,Post-Secondary Education Training and Labour,0
jean-rené noél|board of governors member|post-secondary education training and labour,1,2014,2014,Jean-René Noél,Board of Governors Member,Post-Secondary Education Training and Labour,0
jeanette mitchell|returning officer|elections new brunswick,1,2013,2013,Jeanette Mitchell,Returning Officer,Elections New Brunswick,0
jeanie saunders|member|social development,1,2014,2014,Jeanie Saunders,member,Social Development,0
jeanne comeau|member|post-secondary education training and labour,1,2013,2013,Jeanne Comeau,member,Post-Secondary Education Training and Labour,0
jeanne smith|alternate member|environment and local government,2,2015,2018,Jeanne Smith,alternate member,Environment and Local Government,3
jeanne smith|member|social development,1,2017,2017,Jeanne Smith,member,Social Development,0
jeanne-mance cormier|board of governors|post-secondary education training and labour,1,2016,2016,Jeanne-Mance Cormier,Board of Governors,Post-Secondary Education Training and Labour,0
jeanne-mance cormier|member of the board of governors|post-secondary education training and labour,1,2020,2020,Jeanne-Mance Cormier,member of the Board of Governors,Post-Secondary Education Training and Labour,0
jeannot roy|returning officer|executive council office,1,2019,2019,Jeannot Roy,Returning Officer,Executive Council Office,0
"jeff alpaugh|governor|tourism, heritage and culture",1,2021,2021,Jeff Alpaugh,governor,"Tourism, Heritage and Culture",0
"jeff alpaugh|member of the board of governors|tourism, heritage and culture",1,2017,2017,Jeff Alpaugh,Member of the Board of Governors,"Tourism, Heritage and Culture",0
jeff carr|member of the executive council|executive council office,1,2022,2022,Jeff Carr,member of the Executive Council,Executive Council Office,0
jeff carr|members of the executive council|executive council office,1,2018,2018,Jeff Carr,members of the Executive Council,Executive Council Office,0
jeff carr|member|executive council office,1,2018,2018,Jeff Carr,member,Executive Council Office,0
jeff carr|minister of environment and local government|executive council office,1,2018,2018,Jeff Carr,Minister of Environment and Local Government,Executive Council Office,0
jeff carr|minister of transportation and infrastructure|executive council office,1,2022,2022,Jeff Carr,Minister of Transportation and Infrastructure,Executive Council Office,0
jeff jennings|member|economic development,1,2014,2014,Jeff Jennings,member,Economic Development,0
jeff jennings|member|executive council office,2,2018,2022,Jeff Jennings,member,Executive Council Office,4
jeff sparks|chair|office of the premier,1,2013,2013,Jeff Sparks,chair,Office of the Premier,0
jeffrey beairsto|members|health,1,2013,2013,Jeffrey Beairsto,members,Health,0
jeffrey michaelson|deputy sheriff|justice,1,2014,2014,Jeffrey Michaelson,Deputy Sheriff,Justice,0
jeffrey r. delaney|his majesty’s counsel|executive council office,1,2023,2023,Jeffrey R. Delaney,His Majesty’s Counsel,Executive Council Office,0
jennie williams|ticket reviewer|justice and attorney general,1,2020,2020,Jennie Williams,ticket reviewer,Justice and Attorney General,0
jennifer (jem) deguire|registered midwife|health,1,2020,2020,Jennifer (Jem) Deguire,registered midwife,Health,0
jennifer bergeron|deputy sheriff|justice and public safety,1,2017,2017,Jennifer Bergeron,Deputy Sheriff,Justice and Public Safety,0
"jennifer bélanger|member|tourism, heritage and culture",1,2023,2023,Jennifer Bélanger,member,"Tourism, Heritage and Culture",0
jennifer cleversey moffitt|alternate chair|health,1,2019,2019,Jennifer Cleversey Moffitt,Alternate Chair,Health,0
jennifer cleversey moffitt|small claims adjudicator|justice and public safety,1,2017,2017,Jennifer Cleversey Moffitt,Small Claims Adjudicator,Justice and Public Safety,0
jennifer cleversey moffitt|vice-chairpersons|post-secondary education training and labour,1,2015,2015,Jennifer Cleversey Moffitt,Vice-Chairpersons,Post-Secondary Education Training and Labour,0
jennifer cleversey moffit|vice-chairperson|post-secondary education training and labour,1,2018,2018,Jennifer Cleversey Moffit,Vice-Chairperson,Post-Secondary Education Training and Labour,0
jennifer henry|board of governors|post-secondary education training and labour,1,2016,2016,Jennifer Henry,Board of Governors,Post-Secondary Education Training and Labour,0
jennifer henry|director of the board of directors|energy and resource development,1,2018,2018,Jennifer Henry,Director of the board of directors,Energy and Resource Development,0
jennifer henry|director|energy and resource development,1,2019,2019,Jennifer Henry,Director,Energy and Resource Development,0
jennifer hubbard|member|executive council office,1,2023,2023,Jennifer Hubbard,member,Executive Council Office,0
jennifer ingram|public representative on the board of directors|health,1,2019,2019,Jennifer Ingram,public representative on the Board of Directors,Health,0
jennifer kenny|occupational health and safety officer|post-secondary education training and labour,1,2021,2021,Jennifer Kenny,Occupational Health and Safety Officer,Post-Secondary Education Training and Labour,0
jennifer larson|vice-chairperson|post-secondary education training and labour,1,2022,2022,Jennifer Larson,Vice-Chairperson,Post-Secondary Education Training and Labour,0
jennifer melanson|member|healthy and inclusive communities,1,2014,2014,Jennifer Melanson,member,Healthy and Inclusive Communities,0
jennifer murray|acting ombudsman|executive council office,1,2013,2013,Jennifer Murray,Acting Ombudsman,Executive Council Office,0
jennifer o'donnell|board of governors as a person nominated by the minister|post-secondary education training and labour,1,2017,2017,Jennifer O'Donnell,Board of Governors as a person nominated by the Minister,Post-Secondary Education Training and Labour,0
jennifer richard|member organization representative|women's equality,1,2024,2024,Jennifer Richard,Member Organization Representative,Women's Equality,0
jennifer richard|member|executive council office,2,2017,2018,Jennifer Richard,member,Executive Council Office,1
"jennifer stead|member|tourism, heritage and culture",2,2017,2020,Jennifer Stead,member,"Tourism, Heritage and Culture",3
jennifer wilkins|vice-chairman|environment and local government,1,2021,2021,Jennifer Wilkins,vice-chairman,Environment and Local Government,0
jenny chouinard|member|finance,1,2017,2017,Jenny Chouinard,member,Finance,0
jenny gallant|deputy sheriff|justice,1,2014,2014,Jenny Gallant,Deputy Sheriff,Justice,0
jerome doucet|member (psychiatrist)|health,2,2014,2017,Jerome Doucet,member (psychiatrist),Health,3
jerome doucet|psychiatrist member|health,1,2020,2020,Jerome Doucet,psychiatrist member,Health,0
jerome ouellette|chief coroner|justice and public safety,1,2021,2021,Jerome Ouellette,Chief Coroner,Justice and Public Safety,0
jessica bernier|chief residential tenancies officer|service new brunswick,1,2019,2019,Jessica Bernier,Chief Residential Tenancies Officer,Service New Brunswick,0
jessica bernier|residential tenancies officer|service new brunswick,1,2019,2019,Jessica Bernier,residential tenancies officer,Service New Brunswick,0
jessica bonnelly|inspector of anatomy|health,1,2013,2013,Jessica Bonnelly,Inspector of Anatomy,Health,0
jessica bragdon|member|post-secondary education training and labour,1,2014,2014,Jessica Bragdon,member,Post-Secondary Education Training and Labour,0
jessica diano|provincial analyst|public safety,1,2019,2019,Jessica Diano,provincial analyst,Public Safety,0
jessica paradis|member|justice and attorney general,1,2020,2020,Jessica Paradis,member,Justice and Attorney General,0
jessie caron|student member of the board of governors|post-secondary education training and labour,1,2017,2017,Jessie Caron,student member of the Board of Governors,Post-Secondary Education Training and Labour,0
jessie gamblin|deputy sheriff|justice,1,2014,2014,Jessie Gamblin,Deputy Sheriff,Justice,0
jessy nadeau|deputy sheriff|justice and public safety,1,2017,2017,Jessy Nadeau,Deputy Sheriff,Justice and Public Safety,0
jewell mitchell|member|executive council office,1,2017,2017,Jewell Mitchell,member,Executive Council Office,0
jill green|member of the executive council|executive council office,1,2020,2020,Jill Green,member of the Executive Council,Executive Council Office,0
jill green|member|executive council office,1,2023,2023,Jill Green,Member,Executive Council Office,0
jill green|minister of service new brunswick|executive council office,1,2022,2022,Jill Green,Minister of Service New Brunswick,Executive Council Office,0
jill green|minister of social development|executive council office,1,2023,2023,Jill Green,Minister of Social Development,Executive Council Office,0
jill green|minister of transportation and infrastructure|executive council office,1,2020,2020,Jill Green,Minister of Transportation and Infrastructure,Executive Council Office,0
jill m. knee|his majesty’s counsel|justice and public safety,1,2024,2024,Jill M. Knee,His Majesty’s Counsel,Justice and Public Safety,0
jill stairs|member of the board of governors|post-secondary education training and labour,1,2021,2021,Jill Stairs,member of the Board of Governors,Post-Secondary Education Training and Labour,0
jill stairs|member|post-secondary education training and labour,1,2018,2018,Jill Stairs,member,Post-Secondary Education Training and Labour,0
jim baumgartner|member of the board of directors|opportunities new brunswick,1,2017,2017,Jim Baumgartner,member of the Board of Directors,Opportunities New Brunswick,0
jim dunlap|member|justice and public safety,1,2016,2016,Jim Dunlap,member,Justice and Public Safety,0
jim mehan|board of directors|social development; service new brunswick,1,2023,2023,Jim Mehan,Board of Directors,Social Development; Service New Brunswick,0
jim mehan|deputy minister of social development|executive council office,1,2022,2022,Jim Mehan,Deputy Minister of Social Development,Executive Council Office,0
jim mehan|director|social development,2,2019,2021,Jim Mehan,director,Social Development,2
jim mehan|member of the board of directors|new brunswick housing corporation,1,2023,2023,Jim Mehan,member of the Board of Directors,New Brunswick Housing Corporation,0
jim mehan|president|executive council office,2,2022,2022,Jim Mehan,President,Executive Council Office,0
joan collins|small claim adjudicator|justice and attorney general,1,2019,2019,Joan Collins,Small Claim Adjudicator,Justice and Attorney General,0
joan cripps|member|social development,1,2014,2014,Joan Cripps,member,Social Development,0
joan mcgowan|director|social development,2,2014,2017,Joan McGowan,Director,Social Development,3
joanna bernard|member of the board of directors|government services,1,2015,2015,Joanna Bernard,Member of the Board of Directors,Government Services,0
joanna martin|member|health,1,2024,2024,Joanna Martin,member,Health,0
joanna viamakis|residential tenancies officer|service new brunswick,1,2018,2018,Joanna Viamakis,Residential Tenancies Officer,Service New Brunswick,0
joanne berube gagne|member of the board of directors|finance and treasury board,1,2020,2020,Joanne Berube Gagne,member of the Board of Directors,Finance and Treasury Board,0
joanne borube-gagne|member|finance; new brunswick liquor corporation,1,2017,2017,Joanne Borube-Gagne,member,Finance; New Brunswick Liquor Corporation,0
joanne britton|member|executive council office,1,2017,2017,Joanne Britton,member,Executive Council Office,0
joanne bérubé-gagné|member of the board of directors|finance and treasury board,1,2022,2022,Joanne Bérubé-Gagné,member of the Board of Directors,Finance and Treasury Board,0
joanne durette|provincial court judge|justice and public safety,1,2017,2017,Joanne Durette,Provincial Court Judge,Justice and Public Safety,0
joanne glynn|provincial planning director|environment and local government,1,2013,2013,Joanne Glynn,Provincial Planning Director,Environment and Local Government,0
joanne morrissey|rentalsman|service new brunswick,1,2015,2015,Joanne Morrissey,rentalsman,Service New Brunswick,0
joanne nice|returning officer|elections new brunswick,1,2013,2013,Joanne Nice,Returning Officer,Elections New Brunswick,0
joanne nice|returning officer|executive council office,1,2019,2019,Joanne Nice,Returning Officer,Executive Council Office,0
joanne plourde|alternate member|environment and local government,1,2019,2019,Joanne Plourde,alternate member,Environment and Local Government,0
joanne plourde|returning officer|elections new brunswick,1,2013,2013,Joanne Plourde,Returning Officer,Elections New Brunswick,0
joanne plourde|returning officer|executive council office,1,2019,2019,Joanne Plourde,Returning Officer,Executive Council Office,0
joanne sonier|public representative on the board of directors|health,2,2016,2018,Joanne Sonier,Public Representative on the Board of Directors,Health,2
jocelyn chan|member of the board of governors|post-secondary education training and labour,2,2021,2023,Jocelyn Chan,member of the Board of Governors,Post-Secondary Education Training and Labour,2
jocelyn chan|member|service new brunswick,1,2024,2024,Jocelyn Chan,member,Service New Brunswick,0
jocelyn donaghy|returning officer|elections new brunswick,1,2013,2013,Jocelyn Donaghy,Returning Officer,Elections New Brunswick,0
jocelyn levesque|member of the family income security appeal board|social development,1,2015,2015,Jocelyn Levesque,Member of the Family Income Security Appeal Board,Social Development,0
jocelyne hachey|member|finance; new brunswick liquor corporation,1,2017,2017,Jocelyne Hachey,member,Finance; New Brunswick Liquor Corporation,0
jocelyne hachey|member|post-secondary education training and labour,1,2022,2022,Jocelyne Hachey,Member,Post-Secondary Education Training and Labour,0
jocelyne roy vienneau|lieutenant-governor|energy and resource development,4,2016,2016,Jocelyne Roy Vienneau,Lieutenant-Governor,Energy and Resource Development,0
jody carr|member|executive council office,1,2013,2013,Jody Carr,Member,Executive Council Office,0
jody dallaire|member|executive council office,2,2017,2018,Jody Dallaire,member,Executive Council Office,1
"jody r. carr|minister of post-secondary education, training and labour|executive council office",1,2013,2013,Jody R. Carr,"Minister of Post-Secondary Education, Training and Labour",Executive Council Office,0
joe mcshane|coroner|public safety,1,2013,2013,Joe McShane,coroner,Public Safety,0
joel attis|member of the board of governors|post-secondary education training and labour,1,2015,2015,Joel Attis,member of the Board of Governors,Post-Secondary Education Training and Labour,0
joel basque|deputy sheriff|justice,1,2014,2014,Joel Basque,Deputy Sheriff,Justice,0
joel dickinson|president|executive council office,1,2024,2024,Joel Dickinson,President,Executive Council Office,0
joey ferron|deputy sheriff|justice and public safety,1,2017,2017,Joey Ferron,Deputy Sheriff,Justice and Public Safety,0
joey laforge|deputy sheriff|justice and public safety,1,2017,2017,Joey Laforge,Deputy Sheriff,Justice and Public Safety,0
joey landry|deputy sheriff|justice,1,2014,2014,Joey Landry,Deputy Sheriff,Justice,0
joey therrien|deputy sheriff|justice and public safety,1,2017,2017,Joey Therrien,Deputy Sheriff,Justice and Public Safety,0
johanne bray|acting deputy minister of public safety|executive council office,1,2015,2015,Johanne Bray,Acting Deputy Minister of Public Safety,Executive Council Office,0
johanne bray|deputy minister of justice and public safety|executive council office,1,2016,2016,Johanne Bray,Deputy Minister of Justice and Public Safety,Executive Council Office,0
johanne bray|her majesty's counsel|office of the attorney general,1,2015,2015,Johanne Bray,Her Majesty's Counsel,Office of the Attorney General,0
johanne c. bray|deputy minister of justice and deputy attorney general|executive council office,1,2014,2014,Johanne C. Bray,Deputy Minister of Justice and Deputy Attorney General,Executive Council Office,0
"johanne gray-godin|administrator of the court of king’s bench — family division, clerk of the court of king’s bench — trial division, clerk of the probate court|justice and public safety",1,2024,2024,Johanne Gray-Godin,"Administrator of the Court of King’s Bench — Family Division, Clerk of the Court of King’s Bench — Trial Division, Clerk of the Probate Court",Justice and Public Safety,0
johanne m. landry|vice-chairperson|post-secondary education training and labour,1,2016,2016,Johanne M. Landry,Vice-Chairperson,Post-Secondary Education Training and Labour,0
johanne martin|alternate member|health,1,2017,2017,Johanne Martin,Alternate Member,Health,0
johanne theriault|alternate chair|health,1,2020,2020,Johanne Theriault,alternate Chair,Health,0
johanne theriault|chair|education and early childhood development,2,2017,2020,Johanne Theriault,chair,Education and Early Childhood Development,3
johanne theriault|vice-chairperson|post-secondary education training and labour,2,2017,2020,Johanne Theriault,Vice-Chairperson,Post-Secondary Education Training and Labour,3
johanne thériault paulin|vice-chair|post-secondary education training and labour,1,2023,2023,Johanne Thériault Paulin,Vice-Chair,Post-Secondary Education Training and Labour,0
johanne thériault-paulin|chair|education and early childhood development,1,2024,2024,Johanne Thériault-Paulin,Chair,Education and Early Childhood Development,0
johanne thériault|chair|health,1,2022,2022,Johanne Thériault,Chair,Health,0
johanne-marguerite landry|provincial court judge|justice and public safety,1,2017,2017,Johanne-Marguerite Landry,Provincial Court Judge,Justice and Public Safety,0
johannes doerner|occupational health and safety officer|post-secondary education training and labour,1,2020,2020,Johannes Doerner,Occupational Health and Safety Officer,Post-Secondary Education Training and Labour,0
john (jack) duplessie|coroners|justice and public safety,1,2017,2017,John (Jack) Duplessie,coroners,Justice and Public Safety,0
john b. malone|her majesty's counsel|executive council office,1,2013,2013,John B. Malone,Her Majesty's Counsel,Executive Council Office,0
john benjamin ames|member of the executive council|executive council office,1,2016,2016,John Benjamin Ames,member of the Executive Council,Executive Council Office,0
"john benjamin ames|minister of tourism, heritage and culture|executive council office",1,2016,2016,John Benjamin Ames,"Minister of Tourism, Heritage and Culture",Executive Council Office,0
"john best|member|agriculture, aquaculture and fisheries",1,2018,2018,John Best,member,"Agriculture, Aquaculture and Fisheries",0
john cairns|returning officer|executive council office,1,2017,2017,John Cairns,Returning Officer,Executive Council Office,0
john campbell|returning officer|elections new brunswick,1,2013,2013,John Campbell,Returning Officer,Elections New Brunswick,0
john casey|member|natural resources and energy development,1,2024,2024,John Casey,member,Natural Resources and Energy Development,0
john colin gillis|member|environment and local government,1,2013,2013,John Colin Gillis,member,Environment and Local Government,0
john correia|chair of the board of directors|finance and treasury board,1,2020,2020,John Correia,chair of the Board of Directors,Finance and Treasury Board,0
john correia|member of the board of directors|finance; new brunswick liquor corporation,1,2013,2013,John Correia,member of the Board of Directors,Finance; New Brunswick Liquor Corporation,0
john correia|member of the board of directors|finance; treasury board,1,2019,2019,John Correia,member of the Board of Directors,Finance; Treasury Board,0
john demmings|worker's advocate|post-secondary education training and labour,2,2014,2015,John Demmings,Worker's Advocate,Post-Secondary Education Training and Labour,1
john douglas|judge|justice and public safety,1,2016,2016,John Douglas,Judge,Justice and Public Safety,0
john duplessie|coroner|public safety,1,2015,2015,John Duplessie,coroner,Public Safety,0
john evans|coroner|justice and public safety,1,2017,2017,John Evans,coroner,Justice and Public Safety,0
john evans|coroner|public safety,2,2014,2020,John Evans,coroner,Public Safety,6
john gillis|alternate chair|health,1,2019,2019,John Gillis,alternate chair,Health,0
john gillis|lay representative to the executive council|health,1,2019,2019,John Gillis,lay representative to the Executive Council,Health,0
john gillis|trustee|post-secondary education training and labour,1,2021,2021,John Gillis,trustee,Post-Secondary Education Training and Labour,0
john gillis|vice-chairperson|post-secondary education training and labour,1,2019,2019,John Gillis,Vice-Chairperson,Post-Secondary Education Training and Labour,0
john guitard|member|public safety,1,2013,2013,John Guitard,member,Public Safety,0
john herron|member of treasury board|executive council office,1,2024,2024,John Herron,Member of Treasury Board,Executive Council Office,0
john herron|member|energy and mines,1,2013,2013,John Herron,member,Energy and Mines,0
john herron|minister of natural resources|executive council office,1,2024,2024,John Herron,Minister of Natural Resources,Executive Council Office,0
john kowtaluk|member of the board of governors|post-secondary education training and labour,1,2015,2015,John Kowtaluk,member of the Board of Governors,Post-Secondary Education Training and Labour,0
john l. nugent|her majesty's counsel|executive council office,1,2019,2019,John L. Nugent,Her Majesty's Counsel,Executive Council Office,0
john latimer|deputy sheriff|justice,1,2015,2015,John Latimer,Deputy Sheriff,Justice,0
john m. hanson|member|justice,1,2014,2014,John M. Hanson,member,Justice,0
john m. hanson|reviewing officer|justice,1,2014,2014,John M. Hanson,reviewing officer,Justice,0
john macgillivray|member|service new brunswick,2,2021,2024,John MacGillivray,member,Service New Brunswick,3
john mcevoy|vice-chair|post-secondary education training and labour,1,2018,2018,John McEvoy,Vice-Chair,Post-Secondary Education Training and Labour,0
john michael dornan|member of the executive council|executive council office,1,2024,2024,John Michael Dornan,member of the Executive Council,Executive Council Office,0
john michael dornan|minister of health|executive council office,1,2024,2024,John Michael Dornan,Minister of Health,Executive Council Office,0
john nugent|member|environment and local government,1,2024,2024,John Nugent,member,Environment and Local Government,0
john p. logan|acting deputy minister of transportation and infrastructure|executive council office,1,2019,2019,John P. Logan,Acting Deputy Minister of Transportation and Infrastructure,Executive Council Office,0
john p. logan|part-time member|natural resources and energy development,1,2024,2024,John P. Logan,part-time member,Natural Resources and Energy Development,0
john p. mcevoy|vice-chairperson|post-secondary education training and labour,1,2015,2015,John P. McEvoy,Vice-Chairperson,Post-Secondary Education Training and Labour,0
john p. mcevoy|vice-chair|post-secondary education training and labour,1,2021,2021,John P. McEvoy,Vice-Chair,Post-Secondary Education Training and Labour,0
john patrick herron|member of the executive council|executive council office,1,2024,2024,John Patrick Herron,member of the Executive Council,Executive Council Office,0
john pelletier|deputy sheriff|justice,1,2015,2015,John Pelletier,Deputy Sheriff,Justice,0
john pelletier|deputy sheriff|public safety,1,2019,2019,John Pelletier,Deputy Sheriff,Public Safety,0
john r. williamson|her majesty's counsel|office of the attorney general,1,2016,2016,John R. Williamson,Her Majesty's Counsel,Office of the Attorney General,0
"john robinson jr.|member|agriculture, aquaculture and fisheries",1,2018,2018,John Robinson Jr.,member,"Agriculture, Aquaculture and Fisheries",0
"john runcie|member|tourism, heritage and culture",1,2021,2021,John Runcie,member,"Tourism, Heritage and Culture",0
john w. foran|part-time member|justice and public safety,1,2018,2018,John W. Foran,part-time member,Justice and Public Safety,0
john wood|member|office of the premier,1,2015,2015,John Wood,Member,Office of the Premier,0
jolene richard|chief judge|justice and public safety,1,2017,2017,Jolene Richard,Chief Judge,Justice and Public Safety,0
jonathan breau|deputy sheriff|justice,1,2015,2015,Jonathan Breau,Deputy Sheriff,Justice,0
jonathan fulljames|coroner|justice and public safety,1,2017,2017,Jonathan Fulljames,coroner,Justice and Public Safety,0
jonathan fulljames|coroner|public safety,2,2014,2020,Jonathan Fulljames,coroner,Public Safety,6
jonathan harquail|inspector|public safety,1,2016,2016,Jonathan Harquail,Inspector,Public Safety,0
jonathan roch noel|expropriation advisory officer|office of the attorney general,1,2014,2014,Jonathan Roch Noel,Expropriation Advisory Officer,Office of the Attorney General,0
jordan eric o'brien|chief of staff and deputy minister|executive council office,1,2015,2015,Jordan Eric O'Brien,Chief of Staff and Deputy Minister,Executive Council Office,0
jordan lavoie|member representing employers|post-secondary education training and labour,1,2020,2020,Jordan Lavoie,member representing employers,Post-Secondary Education Training and Labour,0
jordan marston|deputy sheriff|justice and public safety,1,2017,2017,Jordan Marston,Deputy Sheriff,Justice and Public Safety,0
josee turgeon-roy|lay representative|health,1,2015,2015,Josee Turgeon-Roy,lay representative,Health,0
"joseph h. rideout|member|agriculture, aquaculture and fisheries",1,2013,2013,Joseph H. Rideout,member,"Agriculture, Aquaculture and Fisheries",0
joseph kavanaugh|coroner|justice and public safety,1,2017,2017,Joseph Kavanaugh,coroner,Justice and Public Safety,0
joseph kavanaugh|coroner|public safety,1,2013,2013,Joseph Kavanaugh,coroner,Public Safety,0
joseph landry|deputy sheriff|justice and public safety,1,2017,2017,Joseph Landry,Deputy Sheriff,Justice and Public Safety,0
joseph savoie|deputy sheriff|justice,2,2014,2015,Joseph Savoie,Deputy Sheriff,Justice,1
joseph savoie|deputy sheriff|public safety,1,2019,2019,Joseph Savoie,Deputy Sheriff,Public Safety,0
joshua joseph bedard mcelman|her majesty’s counsel|executive council office,1,2021,2021,Joshua Joseph Bedard McElman,Her Majesty’s Counsel,Executive Council Office,0
joshua luke randall|member of the executive council|executive council office,1,2024,2024,Joshua Luke Randall,member of the Executive Council,Executive Council Office,0
joshua macdougald|deputy sheriff|justice and public safety,1,2018,2018,Joshua MacDougald,Deputy Sheriff,Justice and Public Safety,0
josianne sonier|deputy sheriff|justice and public safety,1,2017,2017,Josianne Sonier,Deputy Sheriff,Justice and Public Safety,0
josie marks|his majesty’s counsel|justice and public safety,1,2024,2024,Josie Marks,His Majesty’s Counsel,Justice and Public Safety,0
josée goguen|deputy sheriff|public safety,1,2019,2019,Josée Goguen,Deputy Sheriff,Public Safety,0
josée rioux-walker|commissioner|executive council office,1,2022,2022,Josée Rioux-Walker,commissioner,Executive Council Office,0
joyce albert|member|health,1,2014,2014,Joyce Albert,member,Health,0
joél michaud|her majesty’s counsel|executive council office,1,2021,2021,Joél Michaud,Her Majesty’s Counsel,Executive Council Office,0
juan estepa|member of the board of directors|social development,1,2019,2019,Juan Estepa,member of the Board of Directors,Social Development,0
"juan estepa|member of the board of directors|tourism, heritage and culture",2,2014,2017,Juan Estepa,member of the Board of Directors,"Tourism, Heritage and Culture",3
"juan estepa|member|tourism, heritage and culture",1,2019,2019,Juan Estepa,member,"Tourism, Heritage and Culture",0
juanita black|member|healthy and inclusive communities,1,2014,2014,Juanita Black,member,Healthy and Inclusive Communities,0
judge alain begin|judge|justice and public safety,2,2020,2020,Judge Alain Begin,judge,Justice and Public Safety,0
judge david ryan|judge|justice and public safety,1,2018,2018,Judge David Ryan,Judge,Justice and Public Safety,0
judge jeffrey lantz|judge|justice and public safety,1,2023,2023,Judge Jeffrey Lantz,Judge,Justice and Public Safety,0
judge jeffrey lantz|preside over the matter before the provincial court of new brunswick|justice and public safety,1,2022,2022,Judge Jeffrey Lantz,Preside over the matter before the Provincial Court of New Brunswick,Justice and Public Safety,0
judge paul scovil|provincial court judge|justice and public safety,1,2024,2024,Judge Paul Scovil,Provincial Court Judge,Justice and Public Safety,0
judi sloat|returning officer|elections new brunswick,1,2018,2018,Judi Sloat,Returning Officer,Elections New Brunswick,0
judith athaide|director of the board of directors|energy and resource development,1,2018,2018,Judith Athaide,Director of the board of directors,Energy and Resource Development,0
judith athaide|director|energy and mines,1,2014,2014,Judith Athaide,director,Energy and Mines,0
judith athaide|director|energy and resource development,1,2019,2019,Judith Athaide,Director,Energy and Resource Development,0
judith athaide|director|natural resources and energy development,2,2020,2021,Judith Athaide,director,Natural Resources and Energy Development,1
judith keating|chair|finance,1,2016,2016,Judith Keating,Chair,Finance,0
judith lane|employer representative|post-secondary education training and labour,1,2015,2015,Judith Lane,employer representative,Post-Secondary Education Training and Labour,0
judy macintosh|returning officer|executive council office,1,2017,2017,Judy Macintosh,Returning Officer,Executive Council Office,0
judy ross|president|social development; service new brunswick,1,2023,2023,Judy Ross,President,Social Development; Service New Brunswick,0
judy wagner|acting deputy clerk|executive council office,1,2013,2013,Judy Wagner,Acting Deputy Clerk,Executive Council Office,0
judy wagner|clerk of the executive council|executive council office,1,2015,2015,Judy Wagner,Clerk of the Executive Council,Executive Council Office,0
judy wagner|deputy minister of policy and legislative affairs|executive council office,1,2019,2019,Judy Wagner,Deputy Minister of Policy and Legislative Affairs,Executive Council Office,0
judy wagner|deputy minister of the aboriginal affairs secretariat|executive council office,1,2019,2019,Judy Wagner,Deputy Minister of the Aboriginal Affairs Secretariat,Executive Council Office,0
judy wagner|deputy minister of the executive council office|executive council office,1,2015,2015,Judy Wagner,Deputy Minister of the Executive Council Office,Executive Council Office,0
judy wagner|interim clerk of the executive council and interim secretary to cabinet|executive council office,1,2024,2024,Judy Wagner,Interim Clerk of the Executive Council and Interim Secretary to Cabinet,Executive Council Office,0
judy wagner|interim deputy minister of the executive council office|executive council office,1,2024,2024,Judy Wagner,Interim Deputy Minister of the Executive Council Office,Executive Council Office,0
judy wagner|interim member|energy and resource development; finance,1,2017,2017,Judy Wagner,interim member,Energy and Resource Development; Finance,0
judy wagner|members of the board of directors|regional development corporation,1,2016,2016,Judy Wagner,members of the Board of Directors,Regional Development Corporation,0
judy wagner|secretary to cabinet|executive council office,1,2015,2015,Judy Wagner,Secretary to Cabinet,Executive Council Office,0
julia maclauchlan|member of the board of governors|post-secondary education training and labour,1,2023,2023,Julia MacLauchlan,member of the Board of Governors,Post-Secondary Education Training and Labour,0
julia maclauchlan|member|post-secondary education training and labour,1,2020,2020,Julia Maclauchlan,Member,Post-Secondary Education Training and Labour,0
julie bourque|trustee|post-secondary education training and labour,1,2016,2016,Julie Bourque,trustee,Post-Secondary Education Training and Labour,0
julie francoeur|alternate member|health,1,2017,2017,Julie Francoeur,Alternate Member,Health,0
julie gallant|chair|post-secondary education training and labour,1,2018,2018,Julie Gallant,Chair,Post-Secondary Education Training and Labour,0
julie marr|employer representative on the board of directors|post-secondary education training and labour,1,2016,2016,Julie Marr,employer representative on the Board of Directors,Post-Secondary Education Training and Labour,0
julie mason|acting deputy minister of education and early childhood development (francophone)|executive council office,1,2023,2023,Julie Mason,Acting Deputy Minister of Education and Early Childhood Development (Francophone),Executive Council Office,0
julie mason|deputy minister of education and early childhood development (francophone)|executive council office,1,2024,2024,Julie Mason,Deputy Minister of Education and Early Childhood Development (Francophone),Executive Council Office,0
julie robichaud|members|health,1,2013,2013,Julie Robichaud,members,Health,0
juliette breau|member of the board of directors|post-secondary education training and labour,1,2017,2017,Juliette Breau,member of the Board of Directors,Post-Secondary Education Training and Labour,0
juliette breau|member|social development,1,2021,2021,Juliette Breau,member,Social Development,0
juliette mcgraw|returning officer|executive council office,1,2017,2017,Juliette McGraw,Returning Officer,Executive Council Office,0
justin alderic richard|deputy sheriff|justice,1,2015,2015,Justin Alderic Richard,Deputy Sheriff,Justice,0
justin beaulieu|member|post-secondary education training and labour,3,2013,2021,Justin Beaulieu,member,Post-Secondary Education Training and Labour,8
justin desroches|deputy sheriff|justice,1,2014,2014,Justin Desroches,Deputy Sheriff,Justice,0
"justin j. robichaud|alternate chair of the mental health tribunals for zones 1, 2, 3 and 7 (south)|health",1,2021,2021,Justin J. Robichaud,"alternate Chair of the Mental Health Tribunals for zones 1, 2, 3 and 7 (South)",Health,0
justin j. robichaud|her majesty’s counsel|executive council office,1,2021,2021,Justin J. Robichaud,Her Majesty’s Counsel,Executive Council Office,0
justin mann|deputy sheriff|justice and public safety,1,2017,2017,Justin Mann,Deputy Sheriff,Justice and Public Safety,0
"justin montreuil|member|agriculture, aquaculture and fisheries",1,2023,2023,Justin Montreuil,Member,"Agriculture, Aquaculture and Fisheries",0
"justin stoodley|member of the board of governors, peer-selected non-academic staff member|post-secondary education training and labour",1,2019,2019,Justin Stoodley,"member of the Board of Governors, peer-selected non-academic staff member",Post-Secondary Education Training and Labour,0
kailah winter-smith|member|office of the premier,1,2019,2019,Kailah Winter-Smith,member,Office of the Premier,0
kailey o'neil|member|justice and public safety,1,2020,2020,Kailey O'Neil,member,Justice and Public Safety,0
kailha winter-smith|member|executive council office,1,2021,2021,Kailha Winter-Smith,member,Executive Council Office,0
kaitlin gamble|member|health,1,2021,2021,Kaitlin Gamble,member,Health,0
kaitlin manuel|deputy sheriff|justice and public safety,1,2017,2017,Kaitlin Manuel,Deputy Sheriff,Justice and Public Safety,0
kanza hashmat|member|executive council office,1,2021,2021,Kanza Hashmat,member,Executive Council Office,0
kara reid|member|office of the premier,1,2013,2013,Kara Reid,member,Office of the Premier,0
kara rutter swiecki|provincial analyst|public safety,1,2019,2019,Kara Rutter Swiecki,provincial analyst,Public Safety,0
karen hammel|returning officer|executive council office,1,2017,2017,Karen Hammel,Returning Officer,Executive Council Office,0
karen l. chantler|alternate member|environment and local government,1,2016,2016,Karen L. Chantler,Alternate Member,Environment and Local Government,0
karen lee|judge|justice and public safety,1,2024,2024,Karen Lee,judge,Justice and Public Safety,0
karen murdock|member|economic development,1,2014,2014,Karen Murdock,member,Economic Development,0
karen pierpoint|vice-chairperson|post-secondary education training and labour,1,2023,2023,Karen Pierpoint,Vice-Chairperson,Post-Secondary Education Training and Labour,0
karen taylor|member and chair of the board of directors|service new brunswick,1,2022,2022,Karen Taylor,member and Chair of the Board of Directors,Service New Brunswick,0
karen taylor|member|post-secondary education training and labour,1,2013,2013,Karen Taylor,member,Post-Secondary Education Training and Labour,0
karine levesque|member|post-secondary education training and labour,1,2013,2013,Karine Levesque,member,Post-Secondary Education Training and Labour,0
karl clancey|member of the board of directors|social development,1,2019,2019,Karl Clancey,member of the Board of Directors,Social Development,0
"karl clancey|member|tourism, heritage and culture",1,2019,2019,Karl Clancey,member,"Tourism, Heritage and Culture",0
karl jensen|coroner|public safety,1,2019,2019,Karl Jensen,Coroner,Public Safety,0
karl tremblay|deputy sheriff|justice and public safety,1,2017,2017,Karl Tremblay,Deputy Sheriff,Justice and Public Safety,0
katherine d'entremont|commissioner of official languages|executive council office,1,2013,2013,Katherine d'Entremont,Commissioner of Official Languages,Executive Council Office,0
katherine mcbrearty|deputy chief residential tenancies officer|service new brunswick,1,2018,2018,Katherine McBrearty,Deputy Chief Residential Tenancies Officer,Service New Brunswick,0
katherine mcbrearty|rentalsman|service new brunswick,1,2016,2016,Katherine McBrearty,Rentalsman,Service New Brunswick,0
katherine mcbrearty|residential tenancies officer|service new brunswick,1,2018,2018,Katherine McBrearty,residential tenancies officer,Service New Brunswick,0
katherine munro|member|finance,1,2018,2018,Katherine Munro,member,Finance,0
katherine munro|member|justice,1,2015,2015,Katherine Munro,member,Justice,0
"katherine toner|chair|agriculture, aquaculture and fisheries",1,2023,2023,Katherine Toner,Chair,"Agriculture, Aquaculture and Fisheries",0
"katherine toner|member|agriculture, aquaculture and fisheries",2,2019,2022,Katherine Toner,member,"Agriculture, Aquaculture and Fisheries",3
"katherine trueman|consumer representative|agriculture, aquaculture and fisheries",1,2014,2014,Katherine Trueman,consumer representative,"Agriculture, Aquaculture and Fisheries",0
kathleen chapman|residential tenancies officer|service new brunswick,1,2018,2018,Kathleen Chapman,Residential Tenancies Officer,Service New Brunswick,0
kathleen h. macdonald|returning officer|executive council office,1,2019,2019,Kathleen H. MacDonald,Returning Officer,Executive Council Office,0
kathleen macdonald|returning officer|elections new brunswick,1,2013,2013,Kathleen MacDonald,Returning Officer,Elections New Brunswick,0
kathryn b. dalling|returning officer|elections new brunswick,1,2013,2013,Kathryn B. Dalling,Returning Officer,Elections New Brunswick,0
kathryn b. dalling|returning officer|executive council office,1,2019,2019,Kathryn B. Dalling,Returning Officer,Executive Council Office,0
kathryn cameron|member|executive council office,1,2022,2022,Kathryn Cameron,Member,Executive Council Office,0
kathryn craig|member of the board of directors|finance and treasury board,2,2020,2021,Kathryn Craig,member of the Board of Directors,Finance and Treasury Board,1
kathryn edwards|member of the board of governors|post-secondary education training and labour,1,2020,2020,Kathryn Edwards,member of the Board of Governors,Post-Secondary Education Training and Labour,0
"kathryn hamer edwards|board member|tourism, heritage and culture",1,2019,2019,Kathryn Hamer Edwards,Board Member,"Tourism, Heritage and Culture",0
"kathryn hamer edwards|president of the board|tourism, heritage and culture",1,2022,2022,Kathryn Hamer Edwards,President of the Board,"Tourism, Heritage and Culture",0
"kathryn hamer|member of the board|tourism, heritage and culture",1,2017,2017,Kathryn Hamer,member of the Board,"Tourism, Heritage and Culture",0
kathryn lockhart|member|executive council office,1,2022,2022,Kathryn Lockhart,Member,Executive Council Office,0
kathy bockus|member of the executive council|executive council office,1,2023,2023,Kathy Bockus,member of the Executive Council,Executive Council Office,0
kathy briggs|chair|social development,1,2015,2015,Kathy Briggs,Chair,Social Development,0
kathy briggs|member and chair|social development,1,2018,2018,Kathy Briggs,member and Chair,Social Development,0
"kathy miller-zinn|director|tourism, heritage and culture",1,2022,2022,Kathy Miller-Zinn,director,"Tourism, Heritage and Culture",0
"katie bowden|board member|tourism, heritage and culture",1,2019,2019,Katie Bowden,Board Member,"Tourism, Heritage and Culture",0
"katie davey|deputy minister, principal secretary to the premier|executive council office",1,2024,2024,Katie Davey,"Deputy Minister, Principal Secretary to the Premier",Executive Council Office,0
katrina staples|occupational health and safety officer|post-secondary education training and labour,1,2020,2020,Katrina Staples,Occupational Health and Safety Officer,Post-Secondary Education Training and Labour,0
kay simonds|returning officer|executive council office,1,2019,2019,Kay Simonds,Returning Officer,Executive Council Office,0
kayla carter|alternate chair|health,1,2019,2019,Kayla Carter,alternate chair,Health,0
kayla carter|alternate member|health,1,2016,2016,Kayla Carter,alternate member,Health,0
kayleigh blacklock|member|environment and local government,1,2016,2016,Kayleigh Blacklock,Member,Environment and Local Government,0
keith basque|deputy sheriff|justice,2,2014,2015,Keith Basque,Deputy Sheriff,Justice,1
keith chiasson|member of the executive council|executive council office,1,2024,2024,Keith Chiasson,member of the Executive Council,Executive Council Office,0
keith chiasson|minister of indigenous affairs|executive council office,1,2024,2024,Keith Chiasson,Minister of Indigenous Affairs,Executive Council Office,0
keith cronkhite|president and chief executive officer|natural resources and energy development,1,2020,2020,Keith Cronkhite,President and Chief Executive Officer,Natural Resources and Energy Development,0
kelli simmonds|chairman|executive council office,1,2014,2014,Kelli Simmonds,chairman,Executive Council Office,0
kelli simmonds|chairperson|executive council office,1,2020,2020,Kelli Simmonds,Chairperson,Executive Council Office,0
"kelli simmonds|deputy minister of environment and local government|agriculture, aquaculture and fisheries",2,2014,2014,Kelli Simmonds,Deputy Minister of Environment and Local Government,"Agriculture, Aquaculture and Fisheries",0
kelli simmonds|deputy minister|executive council office,1,2013,2013,Kelli Simmonds,Deputy Minister,Executive Council Office,0
kelli simmonds|interim deputy attorney general|executive council office,1,2015,2015,Kelli Simmonds,interim Deputy Attorney General,Executive Council Office,0
kelli simmonds|member|executive council office,2,2016,2019,Kelli Simmonds,member,Executive Council Office,3
kelli simmonds|member|regional development corporation,1,2015,2015,Kelli Simmonds,member,Regional Development Corporation,0
kelly ann winchester|her majesty's counsel|justice,1,2014,2014,Kelly Ann Winchester,Her Majesty's Counsel,Justice,0
kelly ann winchester|provincial court judge|justice and public safety,1,2017,2017,Kelly Ann Winchester,Provincial Court Judge,Justice and Public Safety,0
kelly cain|chief of staff and deputy minister of the office of the premier|executive council office,1,2024,2024,Kelly Cain,Chief of Staff and Deputy Minister of the Office of the Premier,Executive Council Office,0
kelly cain|deputy minister of human resources|executive council office,1,2013,2013,Kelly Cain,Deputy Minister of Human Resources,Executive Council Office,0
kelly cain|deputy minister of intergovernmental affairs|executive council office,1,2019,2019,Kelly Cain,Deputy Minister of Intergovernmental Affairs,Executive Council Office,0
kelly cain|deputy minister of transportation and infrastructure|executive council office,1,2015,2015,Kelly Cain,Deputy Minister of Transportation and Infrastructure,Executive Council Office,0
"kelly cain|interim deputy minister of tourism, heritage and culture|executive council office",1,2015,2015,Kelly Cain,"interim Deputy Minister of Tourism, Heritage and Culture",Executive Council Office,0
kelly cain|member|regional development corporation,1,2015,2015,Kelly Cain,member,Regional Development Corporation,0
"kelly lamrock|child, youth and senior advocate|executive council office",1,2021,2021,Kelly Lamrock,"Child, Youth and Senior Advocate",Executive Council Office,0
kelly lamrock|vice-chair|post-secondary education training and labour,1,2021,2021,Kelly Lamrock,Vice-Chair,Post-Secondary Education Training and Labour,0
kelly richard|member|post-secondary education training and labour,1,2024,2024,Kelly Richard,member,Post-Secondary Education Training and Labour,0
kelly rodgers-sturgeon|director|social development,2,2014,2017,Kelly Rodgers-Sturgeon,Director,Social Development,3
kelly t. vanbuskirk|her majesty's counsel|office of the attorney general,1,2015,2015,Kelly T. VanBuskirk,Her Majesty's Counsel,Office of the Attorney General,0
kelly wilson|member of the board of governors|post-secondary education training and labour,1,2016,2016,Kelly Wilson,member of the Board of Governors,Post-Secondary Education Training and Labour,0
"ken paul|member of the board|tourism, heritage and culture",1,2022,2022,Ken Paul,member of the Board,"Tourism, Heritage and Culture",0
"ken reicker|vice-chair|agriculture, aquaculture and fisheries",1,2022,2022,Ken Reicker,Vice-Chair,"Agriculture, Aquaculture and Fisheries",0
ken walsh|members|office of the premier,1,2013,2013,Ken Walsh,members,Office of the Premier,0
ken walsh|member|office of the premier,1,2013,2013,Ken Walsh,member,Office of the Premier,0
kendall mason|member|natural resources and energy development,1,2024,2024,Kendall Mason,member,Natural Resources and Energy Development,0
kenneth b. mccullogh|full-time member|natural resources and energy development,1,2024,2024,Kenneth B. McCullogh,full-time member,Natural Resources and Energy Development,0
kenneth martin|members|post-secondary education training and labour,1,2013,2013,Kenneth Martin,members,Post-Secondary Education Training and Labour,0
kenneth mccullogh|member|justice and public safety,1,2024,2024,Kenneth McCullogh,member,Justice and Public Safety,0
kenneth savage|member|justice,1,2015,2015,Kenneth Savage,member,Justice,0
kent estabrooks|member|executive council office,1,2023,2023,Kent Estabrooks,member,Executive Council Office,0
kent fox|member|justice and public safety,1,2020,2020,Kent Fox,member,Justice and Public Safety,0
kerri daamen|ticket reviewer|justice and public safety,1,2021,2021,Kerri Daamen,ticket reviewer,Justice and Public Safety,0
kerry atkinson|member of the discipline committee|environment and local government,2,2022,2024,Kerry Atkinson,member of the Discipline Committee,Environment and Local Government,2
kevin barry|representative of the forest industry on the forest audit appeal board|natural resources,1,2014,2014,Kevin Barry,representative of the forest industry on the Forest Audit Appeal Board,Natural Resources,0
kevin bennett|occupational health and safety officer|post-secondary education training and labour,1,2016,2016,Kevin Bennett,Occupational Health and Safety Officer,Post-Secondary Education Training and Labour,0
kevin berry|member of the board of directors|finance and treasury board,2,2020,2021,Kevin Berry,member of the Board of Directors,Finance and Treasury Board,1
kevin bouchard|deputy sheriff|justice,1,2014,2014,Kevin Bouchard,Deputy Sheriff,Justice,0
kevin bourque|student member|post-secondary education training and labour,1,2013,2013,Kevin Bourque,Student Member,Post-Secondary Education Training and Labour,0
kevin c. toner|his majesty’s counsel|justice and public safety,1,2024,2024,Kevin C. Toner,His Majesty’s Counsel,Justice and Public Safety,0
kevin darling|member of the board of directors|social development,1,2022,2022,Kevin Darling,member of the Board of Directors,Social Development,0
kevin hoyt|member of the board of governors|post-secondary education training and labour,1,2023,2023,Kevin Hoyt,member of the Board of Governors,Post-Secondary Education Training and Labour,0
kevin hoyt|member|post-secondary education training and labour,1,2020,2020,Kevin Hoyt,Member,Post-Secondary Education Training and Labour,0
"kevin j. mckendy|member|agriculture, aquaculture and fisheries",1,2013,2013,Kevin J. McKendy,member,"Agriculture, Aquaculture and Fisheries",0
kevin jewett|representative of the forest industry on the forest audit appeal board|natural resources,1,2014,2014,Kevin Jewett,representative of the forest industry on the Forest Audit Appeal Board,Natural Resources,0
kevin langlais|deputy sheriff|justice,1,2015,2015,Kevin Langlais,Deputy Sheriff,Justice,0
kevin larlee|representative of the forest industry on the forest audit appeal board|natural resources,1,2014,2014,Kevin Larlee,representative of the forest industry on the Forest Audit Appeal Board,Natural Resources,0
"kevin mckendy|member nominated by the minister|agriculture, aquaculture and fisheries",2,2014,2018,Kevin McKendy,member nominated by the Minister,"Agriculture, Aquaculture and Fisheries",4
"kevin mckendy|member|agriculture, aquaculture and fisheries",2,2018,2021,Kevin McKendy,Member,"Agriculture, Aquaculture and Fisheries",3
"kevin mckendy|vice-chairperson|agriculture, aquaculture and fisheries",1,2018,2018,Kevin McKendy,Vice-Chairperson,"Agriculture, Aquaculture and Fisheries",0
kevin miller|deputy sheriff|justice,1,2014,2014,Kevin Miller,Deputy Sheriff,Justice,0
kevin smith|trustees|post-secondary education training and labour,1,2013,2013,Kevin Smith,trustees,Post-Secondary Education Training and Labour,0
kevin topolniski|representative of the forest industry|natural resources,1,2013,2013,Kevin Topolniski,representative of the forest industry,Natural Resources,0
kevin wilson|deputy sheriff|justice and public safety,1,2016,2016,Kevin Wilson,Deputy Sheriff,Justice and Public Safety,0
khalil al-mughrabi|member|environment and local government,1,2021,2021,Khalil Al-Mughrabi,Member,Environment and Local Government,0
"kier miller|chairman|agriculture, aquaculture and fisheries",1,2014,2014,Kier Miller,chairman,"Agriculture, Aquaculture and Fisheries",0
"kier miller|member and chair|agriculture, aquaculture and fisheries",1,2018,2018,Kier Miller,member and chair,"Agriculture, Aquaculture and Fisheries",0
"kier miller|member|agriculture, aquaculture and fisheries",2,2021,2021,Kier Miller,member,"Agriculture, Aquaculture and Fisheries",0
kim blyth|board member|post-secondary education training and labour,1,2013,2013,Kim Blyth,Board Member,Post-Secondary Education Training and Labour,0
kim blyth|member representing appointments|post-secondary education training and labour,1,2016,2016,Kim Blyth,member representing appointments,Post-Secondary Education Training and Labour,0
kim daley|deputy minister of government services|executive council office,1,2013,2013,Kim Daley,Deputy Minister of Government Services,Executive Council Office,0
kim daley|deputy minister of human resources|executive council office,1,2013,2013,Kim Daley,Deputy Minister of Human Resources,Executive Council Office,0
kim daley|president|executive council office,1,2013,2013,Kim Daley,President,Executive Council Office,0
kim embleton|acting deputy minister|executive council office,2,2017,2023,Kim Embleton,Acting Deputy Minister,Executive Council Office,6
kim embleton|chair of the board of directors|natural resources and energy development,1,2022,2022,Kim Embleton,Chair of the Board of Directors,Natural Resources and Energy Development,0
kim embleton|director|social development,2,2014,2017,Kim Embleton,Director,Social Development,3
kim embleton|member of the board of directors|natural resources and energy development,1,2022,2022,Kim Embleton,member of the Board of Directors,Natural Resources and Energy Development,0
kim embleton|member|executive council office,1,2019,2019,Kim Embleton,Member,Executive Council Office,0
"kim embleton|vice-chair of the agriculture, aquaculture and fisheries development board|agriculture, aquaculture and fisheries",1,2022,2022,Kim Embleton,"Vice-Chair of the Agriculture, Aquaculture and Fisheries Development Board","Agriculture, Aquaculture and Fisheries",0
"kim nash-mckinley|member of the board of directors|tourism, heritage and culture",1,2021,2021,Kim Nash-McKinley,member of the Board of Directors,"Tourism, Heritage and Culture",0
kim nash-mckinley|member|health,1,2016,2016,Kim Nash-McKinley,member,Health,0
kim nash-mckkinley|member|health,1,2018,2018,Kim Nash-MckKinley,member,Health,0
kimberley douglass|member|post-secondary education training and labour,2,2016,2019,Kimberley Douglass,member,Post-Secondary Education Training and Labour,3
kimberley magee|triage coordinator|justice and attorney general,1,2019,2019,Kimberley Magee,Triage Coordinator,Justice and Attorney General,0
kimberly poffenroth|chief electoral officer|executive council office,1,2016,2016,Kimberly Poffenroth,Chief Electoral Officer,Executive Council Office,0
kimberly snow|chief rentalsman|service new brunswick,1,2015,2015,Kimberly Snow,Chief Rentalsman,Service New Brunswick,0
kirby o'donnell|member of the board of examiners for power engineers|justice and public safety,1,2017,2017,Kirby O'Donnell,member of the Board of Examiners for Power Engineers,Justice and Public Safety,0
kirby o'donnell|member|public safety,2,2013,2020,Kirby O'Donnell,member,Public Safety,7
kirk macdonald|member|finance; treasury board,1,2019,2019,Kirk MacDonald,member,Finance; Treasury Board,0
kitty maurey|vice-chair|post-secondary education training and labour,1,2018,2018,Kitty Maurey,Vice-Chair,Post-Secondary Education Training and Labour,0
korey jennings|member|environment and local government,1,2016,2016,Korey Jennings,Member,Environment and Local Government,0
kris austin|member of the executive council|executive council office,1,2022,2022,Kris Austin,member of the Executive Council,Executive Council Office,0
kris austin|minister of public safety|executive council office,1,2022,2022,Kris Austin,Minister of Public Safety,Executive Council Office,0
krista d. price lambert|returning officer|executive council office,1,2019,2019,Krista D. Price Lambert,Returning Officer,Executive Council Office,0
krista hall|returning officer|elections new brunswick,1,2013,2013,Krista Hall,Returning Officer,Elections New Brunswick,0
krista hall|returning officer|executive council office,1,2019,2019,Krista Hall,Returning Officer,Executive Council Office,0
krista lynn colford|her majesty's counsel|office of the attorney general,1,2016,2016,Krista Lynn Colford,Her Majesty's Counsel,Office of the Attorney General,0
krista parker|member|public safety,1,2020,2020,Krista Parker,member,Public Safety,0
krista ross|commissioner|executive council office,1,2022,2022,Krista Ross,commissioner,Executive Council Office,0
krista simmons|deputy sheriff|justice,1,2014,2014,Krista Simmons,Deputy Sheriff,Justice,0
kristen main|deputy sheriff|public safety,1,2019,2019,Kristen Main,Deputy Sheriff,Public Safety,0
kristopher keating|deputy sheriff|justice and public safety,1,2016,2016,Kristopher Keating,Deputy Sheriff,Justice and Public Safety,0
kristopher keith|deputy sheriff|justice,1,2014,2014,Kristopher Keith,Deputy Sheriff,Justice,0
kurt wall|deputy sheriff|public safety,1,2019,2019,Kurt Wall,Deputy Sheriff,Public Safety,0
"kurtis sisk|member of the board of governors, person nominated by the minister|post-secondary education training and labour",1,2019,2019,Kurtis Sisk,"member of the Board of Governors, person nominated by the Minister",Post-Secondary Education Training and Labour,0
kurtis sisk|member of the board of governors|post-secondary education training and labour,1,2022,2022,Kurtis Sisk,member of the Board of Governors,Post-Secondary Education Training and Labour,0
kyle nash|deputy sheriff|justice,1,2015,2015,Kyle Nash,Deputy Sheriff,Justice,0
l. craig dalton|deputy minister of public safety|executive council office,1,2014,2014,L. Craig Dalton,Deputy Minister of Public Safety,Executive Council Office,0
l. craig dalton|deputy minister of social development|executive council office,1,2015,2015,L. Craig Dalton,Deputy Minister of Social Development,Executive Council Office,0
l. craig dalton|president|social development,1,2017,2017,L. Craig Dalton,President,Social Development,0
l. graeme mackinnon|alternate member|environment and local government,2,2020,2023,L. Graeme MacKinnon,alternate member,Environment and Local Government,3
l. paul elliot|his majesty’s counsel|executive council office,1,2023,2023,L. Paul Elliot,His Majesty’s Counsel,Executive Council Office,0
l. paul elliot|member of the board of directors|finance and treasury board,2,2020,2023,L. Paul Elliot,member of the Board of Directors,Finance and Treasury Board,3
"lan g. stead|member of the board of directors|tourism, heritage and culture",1,2014,2014,lan G. Stead,member of the Board of Directors,"Tourism, Heritage and Culture",0
"lan g. stead|member|tourism, heritage and culture",1,2019,2019,lan G. Stead,member,"Tourism, Heritage and Culture",0
larry hachey|member of the board of governors|post-secondary education training and labour,1,2017,2017,Larry Hachey,member of the Board of Governors,Post-Secondary Education Training and Labour,0
larry landry|chair|justice and attorney general,2,2013,2013,Larry Landry,chair,Justice and Attorney General,0
larry landry|her majesty's counsel|justice,1,2014,2014,Larry Landry,Her Majesty's Counsel,Justice,0
larry vienneau|occupational health and safety officer|post-secondary education training and labour,1,2016,2016,Larry Vienneau,Occupational Health and Safety Officer,Post-Secondary Education Training and Labour,0
larry williams|deputy sheriff|justice,1,2014,2014,Larry Williams,Deputy Sheriff,Justice,0
laura richard|member|post-secondary education training and labour,1,2021,2021,Laura Richard,Member,Post-Secondary Education Training and Labour,0
laurent de lavenne|trustee|post-secondary education training and labour,1,2022,2022,Laurent de Lavenne,trustee,Post-Secondary Education Training and Labour,0
laurie boucher|members|health,1,2013,2013,Laurie Boucher,members,Health,0
laurie laforge|member representing anglophone teachers|education and early childhood development,1,2024,2024,Laurie LaForge,member representing anglophone teachers,Education and Early Childhood Development,0
laurie laforge|member|education and early childhood development,1,2020,2020,Laurie Laforge,Member,Education and Early Childhood Development,0
laurier l. schramm|member|executive council office,1,2023,2023,Laurier L. Schramm,member,Executive Council Office,0
lawrence doherty|member|natural resources and energy development,1,2021,2021,Lawrence Doherty,member,Natural Resources and Energy Development,0
"leah grandy|member of the board of directors|tourism, heritage and culture",1,2017,2017,Leah Grandy,member of the Board of Directors,"Tourism, Heritage and Culture",0
"leah schutte|director|tourism, heritage and culture",1,2022,2022,Leah Schutte,director,"Tourism, Heritage and Culture",0
leanna garret|employer's advocate|post-secondary education training and labour,1,2016,2016,Leanna Garret,employer's advocate,Post-Secondary Education Training and Labour,0
leanne murray|director|social development,2,2019,2021,Leanne Murray,director,Social Development,2
lee bell-smith|deputy attorney general|executive council office,1,2016,2016,Lee Bell-Smith,Deputy Attorney General,Executive Council Office,0
lee corey|chairman|economic development,1,2014,2014,Lee Corey,Chairman,Economic Development,0
lee corey|member|economic development,1,2013,2013,Lee Corey,member,Economic Development,0
lee v. mitchell|member|justice and public safety,1,2020,2020,Lee V. Mitchell,member,Justice and Public Safety,0
"leigh mullin|producer representative|agriculture, aquaculture and fisheries",1,2014,2014,Leigh Mullin,producer representative,"Agriculture, Aquaculture and Fisheries",0
leo belliveau|returning officer|executive council office,2,2017,2019,Leo Belliveau,Returning Officer,Executive Council Office,2
leonard lee-white|member of the board of directors|transportation,1,2014,2014,Leonard Lee-White,member of the board of directors,Transportation,0
leonard lee-white|member of the board of directors|transportation and infrastructure,1,2021,2021,Leonard Lee-White,member of the Board of Directors,Transportation and Infrastructure,0
"leonard lee-white|member, assistant deputy minister of the treasury division|finance; transportation and infrastructure",1,2017,2017,Leonard Lee-White,"Member, Assistant Deputy Minister of the Treasury Division",Finance; Transportation and Infrastructure,0
leonard lee-white|members|economic development,1,2013,2013,Leonard Lee-White,members,Economic Development,0
leonard lee-white|member|economic development,1,2014,2014,Leonard Lee-White,Member,Economic Development,0
"leopold bourgeois|producer representative|agriculture, aquaculture and fisheries",1,2014,2014,Leopold Bourgeois,producer representative,"Agriculture, Aquaculture and Fisheries",0
levi hargrove|member|executive council office,3,2016,2023,Levi Hargrove,member,Executive Council Office,7
libby macdonald|director|social development,1,2019,2019,Libby Macdonald,director,Social Development,0
libby macdonald|rentalsman|service new brunswick,1,2015,2015,Libby MacDonald,rentalsman,Service New Brunswick,0
lily durepos|member of the board of directors|economic development,1,2015,2015,Lily Durepos,Member of the Board of Directors,Economic Development,0
lily durepos|member of the board of directors|opportunities new brunswick,1,2017,2017,Lily Durepos,member of the Board of Directors,Opportunities New Brunswick,0
lily durepos|member|executive council office,1,2020,2020,Lily Durepos,member,Executive Council Office,0
lind grant-oyeye|member|executive council office,1,2022,2022,Lind Grant-Oyeye,member,Executive Council Office,0
linda allison|returning officer|executive council office,2,2017,2017,Linda Allison,Returning Officer,Executive Council Office,0
linda ferrier|member representing the public at large|office of the premier,1,2016,2016,Linda Ferrier,member representing the Public at Large,Office of the Premier,0
linda ferrier|members|office of the premier,1,2013,2013,Linda Ferrier,members,Office of the Premier,0
linda ferrier|member|office of the premier,4,2013,2019,Linda Ferrier,member,Office of the Premier,6
linda j. watson|member|environment and local government,1,2016,2016,Linda J. Watson,Member,Environment and Local Government,0
linda sherbo|member|education and early childhood development,1,2017,2017,Linda Sherbo,member,Education and Early Childhood Development,0
lindsay bowman|board of governors as a person nominated by the minister|post-secondary education training and labour,1,2017,2017,Lindsay Bowman,Board of Governors as a person nominated by the Minister,Post-Secondary Education Training and Labour,0
"lindsay bowman|member of the board of governors, person nominated by the board|post-secondary education training and labour",1,2019,2019,Lindsay Bowman,"member of the Board of Governors, person nominated by the Board",Post-Secondary Education Training and Labour,0
lindsay bowman|member of the board of governors|post-secondary education training and labour,1,2022,2022,Lindsay Bowman,member of the Board of Governors,Post-Secondary Education Training and Labour,0
lindsay genier|administrator of the court of king’s bench — family division|justice and public safety,1,2024,2024,Lindsay Genier,Administrator of the Court of King’s Bench — Family Division,Justice and Public Safety,0
line doiron|member|executive council office,1,2018,2018,Line Doiron,Member,Executive Council Office,0
lisa anne keenan|king’s counsel|executive council office,1,2022,2022,Lisa Anne Keenan,King’s Counsel,Executive Council Office,0
lisa barkley|member representing producers|energy and resource development,1,2018,2018,Lisa Barkley,member representing producers,Energy and Resource Development,0
lisa doucette|acting president|executive council office,1,2017,2017,Lisa Doucette,Acting President,Executive Council Office,0
lisa doucette|director|social development,2,2014,2017,Lisa Doucette,Director,Social Development,3
lisa goodwin|ticket reviewer|justice and attorney general; public safety,1,2020,2020,Lisa Goodwin,ticket reviewer,Justice and Attorney General; Public Safety,0
lisa harris|minister of seniors and long-term care|executive council office,1,2016,2016,Lisa Harris,Minister of Seniors and Long-Term Care,Executive Council Office,0
lisa lynn harris|member|executive council office,1,2016,2016,Lisa Lynn Harris,member,Executive Council Office,0
lisa neufville|board of governors member|post-secondary education training and labour,1,2022,2022,Lisa Neufville,Board of Governors member,Post-Secondary Education Training and Labour,0
lisa neufville|student member of the board of governors|post-secondary education training and labour,1,2021,2021,Lisa Neufville,Student Member of the Board of Governors,Post-Secondary Education Training and Labour,0
lisa snodgrass|member|health,1,2024,2024,Lisa Snodgrass,member,Health,0
lisa taylor|member|finance,1,2017,2017,Lisa Taylor,member,Finance,0
lisanne gautreau|lay representative|health,1,2016,2016,Lisanne Gautreau,lay representative,Health,0
lisanne gautreau|public representative|health,1,2019,2019,Lisanne Gautreau,public representative,Health,0
lise ouellette|member|social development,1,2017,2017,Lise Ouellette,member,Social Development,0
lisette noel|deputy sheriff|justice,1,2014,2014,Lisette Noel,Deputy Sheriff,Justice,0
livingstone donfack beni|member|post-secondary education training and labour,1,2021,2021,Livingstone Donfack Beni,Member,Post-Secondary Education Training and Labour,0
liza anne robichaud|adjudicator|justice and public safety,1,2022,2022,Liza Anne Robichaud,adjudicator,Justice and Public Safety,0
liza anne robichaud|adjudicator|public safety,1,2019,2019,Liza Anne Robichaud,adjudicator,Public Safety,0
liza anne robichaud|vice-chairperson|post-secondary education training and labour,1,2022,2022,Liza Anne Robichaud,Vice-Chairperson,Post-Secondary Education Training and Labour,0
liza robichaud|vice-chairperson|post-secondary education training and labour,1,2019,2019,Liza Robichaud,Vice-Chairperson,Post-Secondary Education Training and Labour,0
lloyd waugh|member of the board of directors|new brunswick housing corporation,1,2023,2023,Lloyd Waugh,member of the Board of Directors,New Brunswick Housing Corporation,0
loic bento|member of the board of governors|post-secondary education training and labour,1,2023,2023,Loic Bento,member of the Board of Governors,Post-Secondary Education Training and Labour,0
lois demmings|municipal returning officer|elections new brunswick,1,2015,2015,Lois Demmings,municipal returning officer,Elections New Brunswick,0
lois scott|member|post-secondary education training and labour,1,2013,2013,Lois Scott,member,Post-Secondary Education Training and Labour,0
lore-ann carroll|municipal returning officer|elections new brunswick,1,2019,2019,Lore-Ann Carroll,municipal returning officer,Elections New Brunswick,0
lori ann tweedie|municipal returning officer|elections new brunswick,1,2019,2019,Lori Ann Tweedie,municipal returning officer,Elections New Brunswick,0
lori ann tweedie|returning officer|elections new brunswick,1,2013,2013,Lori Ann Tweedie,Returning Officer,Elections New Brunswick,0
lori clark|member of the board of governors|post-secondary education training and labour,1,2021,2021,Lori Clark,member of the Board of Governors,Post-Secondary Education Training and Labour,0
lori clark|member|post-secondary education training and labour,1,2018,2018,Lori Clark,member,Post-Secondary Education Training and Labour,0
lori clark|president and chief executive officer|natural resources and energy development,1,2023,2023,Lori Clark,President and Chief Executive Officer,Natural Resources and Energy Development,0
"lori leach|members of the board of directors|tourism, heritage and culture",1,2016,2016,Lori Leach,members of the Board of Directors,"Tourism, Heritage and Culture",0
lori stickles|president|finance and treasury board,1,2021,2021,Lori Stickles,President,Finance and Treasury Board,0
lori-ann cyr|member of the board of governors|post-secondary education training and labour,1,2017,2017,Lori-Ann Cyr,member of the Board of Governors,Post-Secondary Education Training and Labour,0
lorilee carrier|member|health,2,2013,2013,Lorilee Carrier,member,Health,0
louella woods|member of the board of directors|finance; new brunswick liquor corporation,1,2017,2017,Louella Woods,Member of the Board of Directors,Finance; New Brunswick Liquor Corporation,0
louis barrieau|deputy sheriff|justice and public safety,1,2016,2016,Louis Barrieau,Deputy Sheriff,Justice and Public Safety,0
louis benoit|board of governors member|post-secondary education training and labour,1,2014,2014,Louis Benoit,Board of Governors Member,Post-Secondary Education Training and Labour,0
louis cormier|deputy sheriff|justice,1,2014,2014,Louis Cormier,Deputy Sheriff,Justice,0
louis duguay|member|post-secondary education training and labour,1,2013,2013,Louis Duguay,member,Post-Secondary Education Training and Labour,0
"louis j. lavoie|member of the board|tourism, heritage and culture",1,2017,2017,Louis J. Lavoie,member of the Board,"Tourism, Heritage and Culture",0
louis léger|chief of staff and deputy minister|executive council office,1,2018,2018,Louis Léger,Chief of Staff and Deputy Minister,Executive Council Office,0
louis turgeon|member|intergovernmental affairs,1,2021,2021,Louis Turgeon,member,Intergovernmental Affairs,0
"louis-philippe albert|chair|agriculture, aquaculture and fisheries",1,2022,2022,Louis-Philippe Albert,Chair,"Agriculture, Aquaculture and Fisheries",0
"louis-philippe albert|vice-chair|agriculture, aquaculture and fisheries",1,2013,2013,Louis-Philippe Albert,Vice-Chair,"Agriculture, Aquaculture and Fisheries",0
louise b. somers|her majesty's counsel|office of the attorney general,1,2015,2015,Louise B. Somers,Her Majesty's Counsel,Office of the Attorney General,0
louise caissie|alternate chair|health,2,2015,2019,Louise Caissie,alternate chair,Health,4
louise caissie|chair|justice,1,2016,2016,Louise Caissie,Chair,Justice,0
louise caissie|member|justice,1,2016,2016,Louise Caissie,member,Justice,0
"louise desilets|member|agriculture, aquaculture and fisheries",2,2022,2023,Louise Desilets,member,"Agriculture, Aquaculture and Fisheries",1
louise duguay lepage|vice-chair of the board of directors|service new brunswick,1,2019,2019,Louise Duguay Lepage,Vice-Chair of the Board of Directors,Service New Brunswick,0
louise duguay-lepage|member of the board of directors|service new brunswick,1,2018,2018,Louise Duguay-LePage,Member of the Board of Directors,Service New Brunswick,0
louise duguay-lepage|member|service new brunswick,2,2021,2024,Louise Duguay-Lepage,member,Service New Brunswick,3
louise duguay-lepage|vice-chairperson|service new brunswick,1,2024,2024,Louise Duguay-Lepage,Vice-Chairperson,Service New Brunswick,0
louise duguay-lepage|vice-chair|service new brunswick,1,2021,2021,Louise Duguay-Lepage,Vice-Chair,Service New Brunswick,0
louise robichaud|lay representative|health,1,2014,2014,Louise Robichaud,lay representative,Health,0
louise robichaud|member|post-secondary education training and labour,1,2013,2013,Louise Robichaud,member,Post-Secondary Education Training and Labour,0
louise seales|member|executive council office,1,2018,2018,Louise Seales,Member,Executive Council Office,0
louiselle bastille|returning officer|elections new brunswick,1,2014,2014,Louiselle Bastille,Returning Officer,Elections New Brunswick,0
luc beaudoin|coroner|justice and public safety,1,2016,2016,Luc Beaudoin,coroner,Justice and Public Safety,0
luc beaudoin|coroner|public safety,1,2019,2019,Luc Beaudoin,Coroner,Public Safety,0
luc beaulieu|deputy sheriff|justice,1,2014,2014,Luc Beaulieu,Deputy Sheriff,Justice,0
luc blacquiere|member|health,2,2015,2024,Luc Blacquiere,member,Health,9
luc blacquiére|member|health,1,2019,2019,Luc Blacquiére,member,Health,0
luc blaquiere|coroners|justice and public safety,1,2017,2017,Luc Blaquiere,coroners,Justice and Public Safety,0
luc blaquiere|coroner|public safety,1,2015,2015,Luc Blaquiere,coroner,Public Safety,0
luc bourgoin|sheriff|justice and public safety,1,2016,2016,Luc Bourgoin,Sheriff,Justice and Public Safety,0
luc cormier|deputy sheriff|justice,1,2014,2014,Luc Cormier,Deputy Sheriff,Justice,0
luc j. labonté|provincial court judge|justice and attorney general,1,2019,2019,Luc J. Labonté,Provincial Court Judge,Justice and Attorney General,0
luc marcoux|her majesty's counsel|office of the attorney general,1,2016,2016,Luc Marcoux,Her Majesty's Counsel,Office of the Attorney General,0
"luc morin|member|agriculture, aquaculture and fisheries",1,2023,2023,Luc Morin,member,"Agriculture, Aquaculture and Fisheries",0
luc roussel|deputy sheriff|justice and public safety,1,2017,2017,Luc Roussel,Deputy Sheriff,Justice and Public Safety,0
luc roy|judge|justice and public safety,1,2024,2024,Luc Roy,judge,Justice and Public Safety,0
luc st-jarre|chairperson of the board of directors|service new brunswick,1,2013,2013,Luc St-Jarre,Chairperson of the Board of Directors,Service New Brunswick,0
luc st-jarre|member of the board of governors|post-secondary education training and labour,1,2019,2019,Luc St-Jarre,member of the Board of Governors,Post-Secondary Education Training and Labour,0
luc st-jarre|member|service new brunswick,1,2013,2013,Luc St-Jarre,Member,Service New Brunswick,0
luc st.-jarre|member|post-secondary education training and labour,1,2013,2013,Luc St.-Jarre,member,Post-Secondary Education Training and Labour,0
lucas manual|deputy sheriff|justice,1,2014,2014,Lucas Manual,Deputy Sheriff,Justice,0
lucie boucher|lay representative|health,1,2021,2021,Lucie Boucher,Lay Representative,Health,0
lucie boucher|member|finance and treasury board,1,2021,2021,Lucie Boucher,member,Finance and Treasury Board,0
lucie laboissoniére|member|finance and treasury board,1,2021,2021,Lucie LaBoissoniére,member,Finance and Treasury Board,0
lucie laboissonniere|member|finance,1,2017,2017,Lucie LaBoissonniere,member,Finance,0
lucie laboissonniére|adjudicator|justice and public safety,1,2022,2022,Lucie LaBoissonniére,Adjudicator,Justice and Public Safety,0
lucie laboissonniére|case management master|justice and public safety,1,2022,2022,Lucie LaBoissonniére,Case Management Master,Justice and Public Safety,0
lucie laboissonniére|emergency adjudicative officer|justice and public safety,1,2022,2022,Lucie LaBoissonniére,Emergency Adjudicative Officer,Justice and Public Safety,0
lucie laboissonniére|her majesty’s counsel|executive council office,1,2021,2021,Lucie LaBoissonniére,Her Majesty’s Counsel,Executive Council Office,0
lucie levesque|chair of the board of examiners|natural resources,1,2015,2015,Lucie Levesque,Chair of the Board of Examiners,Natural Resources,0
lucie mathurin|provincial court judge|justice and public safety,1,2017,2017,Lucie Mathurin,Provincial Court Judge,Justice and Public Safety,0
lucie robichaud|alternate member|health,2,2019,2024,Lucie Robichaud,alternate member,Health,5
lucie robichaud|member|healthy and inclusive communities,1,2014,2014,Lucie Robichaud,member,Healthy and Inclusive Communities,0
lucien perron|coroner|public safety,1,2019,2019,Lucien Perron,Coroner,Public Safety,0
lucien sonier|employer representative|post-secondary education training and labour,2,2015,2019,Lucien Sonier,employer representative,Post-Secondary Education Training and Labour,4
luke mcmakin|deputy sheriff|justice,1,2014,2014,Luke McMakin,Deputy Sheriff,Justice,0
luke norton|residential tenancies officer|service new brunswick,1,2022,2022,Luke Norton,Residential Tenancies Officer,Service New Brunswick,0
luke randall|member of treasury board|executive council office,1,2024,2024,Luke Randall,Member of Treasury Board,Executive Council Office,0
lura fowler|member representing appointments|post-secondary education training and labour,2,2016,2020,Lura Fowler,member representing appointments,Post-Secondary Education Training and Labour,4
lvan gerald levesque|member|finance and treasury board,1,2021,2021,lvan Gerald Levesque,member,Finance and Treasury Board,0
lyne a. thériault|chair of the pension board|environment and local government,1,2014,2014,Lyne A. Thériault,Chair of the Pension Board,Environment and Local Government,0
lyne chantal boudreau|member of the executive council|executive council office,1,2024,2024,Lyne Chantal Boudreau,member of the Executive Council,Executive Council Office,0
lyne chantal boudreau|member|executive council office,1,2017,2017,Lyne Chantal Boudreau,member,Executive Council Office,0
lyne paquet|board of governors|post-secondary education training and labour,1,2017,2017,Lyne Paquet,Board of Governors,Post-Secondary Education Training and Labour,0
lyne raymond|chairperson|justice and attorney general,1,2019,2019,Lyne Raymond,chairperson,Justice and Attorney General,0
lyne raymond|chairperson|justice and public safety,1,2024,2024,Lyne Raymond,Chairperson,Justice and Public Safety,0
lyne raymond|judge|justice and public safety,1,2024,2024,Lyne Raymond,judge,Justice and Public Safety,0
"lyne st-pierre-ellis|member|tourism, heritage and culture",1,2022,2022,Lyne St-Pierre-Ellis,member,"Tourism, Heritage and Culture",0
lynn albert|member of the board of directors|economic development,1,2015,2015,Lynn Albert,Member of the Board of Directors,Economic Development,0
lynn albert|member of the board of directors|opportunities new brunswick,1,2017,2017,Lynn Albert,member of the Board of Directors,Opportunities New Brunswick,0
"lynn chaplin|member, part-time|justice and public safety",1,2021,2021,Lynn Chaplin,"Member, Part-time",Justice and Public Safety,0
lynn chaplin|member|justice and public safety,1,2024,2024,Lynn Chaplin,member,Justice and Public Safety,0
lynn chaplin|part-time member and chair|public safety,1,2019,2019,Lynn Chaplin,part-time member and chair,Public Safety,0
lynn chaplin|part-time member and vice-chair|justice and public safety,1,2018,2018,Lynn Chaplin,part-time member and vice-chair,Justice and Public Safety,0
lynn chaplin|part-time member|public safety,1,2015,2015,Lynn Chaplin,part-time member,Public Safety,0
"lynn chaplin|vice-chair, part-time|justice and public safety",1,2021,2021,Lynn Chaplin,"Vice-Chair, Part-time",Justice and Public Safety,0
lynn chaplin|vice-chair|justice and public safety,1,2018,2018,Lynn Chaplin,vice-chair,Justice and Public Safety,0
"lynn francis|member of the apprenticeship and occupational certification board, representing employers|post-secondary education training and labour",1,2015,2015,Lynn Francis,"member of the Apprenticeship and Occupational Certification Board, representing employers",Post-Secondary Education Training and Labour,0
lynn francis|member representing employers|post-secondary education training and labour,1,2019,2019,Lynn Francis,member representing employers,Post-Secondary Education Training and Labour,0
lynn kozak|returning officer|executive council office,1,2017,2017,Lynn Kozak,Returning Officer,Executive Council Office,0
lynn murphy-kaulbeck|member|health,1,2014,2014,Lynn Murphy-Kaulbeck,member,Health,0
lynn ouellette sauvageau|director|social development,2,2018,2021,Lynn Ouellette Sauvageau,Director,Social Development,3
léo doiron|returning officer|executive council office,1,2019,2019,Léo Doiron,Returning Officer,Executive Council Office,0
"léopold bourgeois|chairperson|agriculture, aquaculture and fisheries",1,2018,2018,Léopold Bourgeois,Chairperson,"Agriculture, Aquaculture and Fisheries",0
"m. dawn bremner|member of the board of directors|tourism, heritage and culture",1,2014,2014,M. Dawn Bremner,member of the Board of Directors,"Tourism, Heritage and Culture",0
m. deborah hackett|case management master for the family division|justice and attorney general,1,2013,2013,M. Deborah Hackett,Case Management Master for the Family Division,Justice and Attorney General,0
m. irene mccardle|member|executive council office,1,2023,2023,M. Irene McCardle,member,Executive Council Office,0
m. marven grant|members|justice and attorney general,1,2013,2013,M. Marven Grant,members,Justice and Attorney General,0
"maarten van oord|member|agriculture, aquaculture and fisheries",1,2013,2013,Maarten van Oord,member,"Agriculture, Aquaculture and Fisheries",0
madeleine dube|member|executive council office,1,2013,2013,Madeleine Dube,Member,Executive Council Office,0
madeleine dubé|member|health,2,2022,2024,Madeleine Dubé,member,Health,2
madeleine nickerson|member|executive council office,2,2017,2022,Madeleine Nickerson,member,Executive Council Office,5
maderic kadjo atta|member of the board of governors|post-secondary education training and labour,1,2024,2024,Maderic Kadjo Atta,member of the Board of Governors,Post-Secondary Education Training and Labour,0
madhu verma|member|executive council office,1,2017,2017,Madhu Verma,member,Executive Council Office,0
malakyi goldsworthy|deputy sheriff|justice,2,2014,2015,Malakyi Goldsworthy,Deputy Sheriff,Justice,1
"mandy guay|administrator of the court of king’s bench — family division, clerk of the court of king’s bench - trial division, clerk of the probate court|justice and public safety",1,2024,2024,Mandy Guay,"Administrator of the Court of King’s Bench — Family Division, Clerk of the Court of King’s Bench - Trial Division, Clerk of the Probate Court",Justice and Public Safety,0
manon bertin couillard|residential tenancies officer|service new brunswick,1,2020,2020,Manon Bertin Couillard,Residential Tenancies Officer,Service New Brunswick,0
marc arseneault|deputy sheriff|public safety,1,2019,2019,Marc Arseneault,Deputy Sheriff,Public Safety,0
marc boucher|representative of the department of natural resources|natural resources,1,2013,2013,Marc Boucher,representative of the Department of Natural Resources,Natural Resources,0
marc daigle|occupational health and safety officer|post-secondary education training and labour,1,2013,2013,Marc Daigle,Occupational Health and Safety Officer,Post-Secondary Education Training and Labour,0
"marc e. smith|member of the board of directors|tourism, heritage and culture",1,2014,2014,Marc E. Smith,member of the Board of Directors,"Tourism, Heritage and Culture",0
marc girouard|member of the appeal board on teacher certification|education and early childhood development,1,2014,2014,Marc Girouard,Member of the Appeal Board on Teacher Certification,Education and Early Childhood Development,0
marc leblanc|member representing the bathurst region|office of the premier,1,2016,2016,Marc LeBlanc,member representing the Bathurst Region,Office of the Premier,0
marc leblanc|member|executive council office,1,2021,2021,Marc LeBlanc,member,Executive Council Office,0
marc leblanc|member|office of the premier,2,2017,2019,Marc LeBlanc,member,Office of the Premier,2
marc leger|clerk of the executive council and secretary to cabinet|executive council office,1,2015,2015,Marc Leger,Clerk of the Executive Council and Secretary to Cabinet,Executive Council Office,0
marc leger|part-time member and vice-chair|public safety,2,2019,2019,Marc Leger,part-time member and vice-chair,Public Safety,0
marc leger|part-time members|justice and public safety,1,2017,2017,Marc Leger,part-time members,Justice and Public Safety,0
marc léger|acting clerk of the executive council office and acting secretary to cabinet|executive council office,1,2014,2014,Marc Léger,Acting Clerk of the Executive Council Office and Acting Secretary to Cabinet,Executive Council Office,0
marc léger|acting deputy minister of the executive council office|executive council office,1,2014,2014,Marc Léger,Acting Deputy Minister of the Executive Council Office,Executive Council Office,0
"marc léger|chair, part-time|justice and public safety",1,2021,2021,Marc Léger,"Chair, Part-time",Justice and Public Safety,0
marc léger|chair|justice and public safety,1,2023,2023,Marc Léger,Chair,Justice and Public Safety,0
marc léger|part-time member|justice and public safety,1,2023,2023,Marc Léger,part-time member,Justice and Public Safety,0
marc r. guignard|her majesty's counsel|justice and public safety,1,2020,2020,Marc R. Guignard,Her Majesty's Counsel,Justice and Public Safety,0
marc roy|chair|health,2,2017,2020,Marc Roy,chair,Health,3
marc roy|deputy sheriff|justice,1,2015,2015,Marc Roy,Deputy Sheriff,Justice,0
marc roy|member|justice and public safety,1,2024,2024,Marc Roy,member,Justice and Public Safety,0
marc roy|member|public safety,1,2020,2020,Marc Roy,member,Public Safety,0
marc roy|vice-chairperson|post-secondary education training and labour,1,2022,2022,Marc Roy,Vice-Chairperson,Post-Secondary Education Training and Labour,0
marc wagg|worker's advocate|post-secondary education training and labour,1,2014,2014,Marc Wagg,Worker's Advocate,Post-Secondary Education Training and Labour,0
marc-andre leblanc|member of the board of governors|post-secondary education training and labour,1,2019,2019,Marc-Andre LeBlanc,member of the Board of Governors,Post-Secondary Education Training and Labour,0
marc-andré clavette|deputy sheriff|public safety,1,2019,2019,Marc-André Clavette,Deputy Sheriff,Public Safety,0
marc-andré leblanc|member|post-secondary education training and labour,1,2022,2022,Marc-André LeBlanc,Member,Post-Secondary Education Training and Labour,0
marc-antoine chiasson|king’s counsel|executive council office,1,2022,2022,Marc-Antoine Chiasson,King’s Counsel,Executive Council Office,0
marcel basque|member|education and early childhood development,1,2017,2017,Marcel Basque,member,Education and Early Childhood Development,0
marcel cormier|deputy sheriff|justice,1,2015,2015,Marcel Cormier,Deputy Sheriff,Justice,0
marcel duguay|member of the board of governors|post-secondary education training and labour,1,2018,2018,Marcel Duguay,member of the Board of Governors,Post-Secondary Education Training and Labour,0
marcel lavoie|deputy minister of education and early childhood development (francophone)|executive council office,1,2019,2019,Marcel Lavoie,Deputy Minister of Education and Early Childhood Development (Francophone),Executive Council Office,0
"marcel michaud|member|agriculture, aquaculture and fisheries",1,2021,2021,Marcel Michaud,member,"Agriculture, Aquaculture and Fisheries",0
"marcelle thibodeau-hennigar|member|agriculture, aquaculture and fisheries",1,2023,2023,Marcelle Thibodeau-Hennigar,Member,"Agriculture, Aquaculture and Fisheries",0
marco cloutier|associate chief judge|justice and public safety,1,2021,2021,Marco Cloutier,Associate Chief Judge,Justice and Public Safety,0
marco cloutier|chief judge|justice and public safety,1,2021,2021,Marco Cloutier,Chief Judge,Justice and Public Safety,0
marco daigle|director|finance,1,2014,2014,Marco Daigle,director,Finance,0
marco f. levesque|occupational health and safety officer|post-secondary education training and labour,1,2019,2019,Marco F. Levesque,Occupational Health and Safety Officer,Post-Secondary Education Training and Labour,0
marco gagnon|employer member|post-secondary education training and labour,1,2019,2019,Marco Gagnon,employer member,Post-Secondary Education Training and Labour,0
marco gagnon|member representing employers|post-secondary education training and labour,1,2022,2022,Marco Gagnon,member representing employers,Post-Secondary Education Training and Labour,0
marco gagnon|representative of employers|post-secondary education training and labour,1,2013,2013,Marco Gagnon,representative of employers,Post-Secondary Education Training and Labour,0
marco robert cloutier|judge|justice and attorney general,1,2013,2013,Marco Robert Cloutier,judge,Justice and Attorney General,0
margaret (margie) gregg|member|social development,1,2021,2021,Margaret (Margie) Gregg,member,Social Development,0
margaret colter|deputy sheriff|justice,1,2014,2014,Margaret Colter,Deputy Sheriff,Justice,0
margaret gallagher|her majesty's counsel|justice and attorney general,1,2013,2013,Margaret Gallagher,Her Majesty's Counsel,Justice and Attorney General,0
margaret johnson|acting minister of social development|executive council office,1,2023,2023,Margaret Johnson,Acting Minister of Social Development,Executive Council Office,0
margaret johnson|member of the executive council|executive council office,1,2020,2020,Margaret Johnson,member of the Executive Council,Executive Council Office,0
"margaret johnson|minister of agriculture, aquaculture and fisheries|executive council office",2,2020,2023,Margaret Johnson,"Minister of Agriculture, Aquaculture and Fisheries",Executive Council Office,3
margaret kirkpatrick|member|social development,1,2014,2014,Margaret Kirkpatrick,member,Social Development,0
margaret-ann thorne|trustee|post-secondary education training and labour,1,2016,2016,Margaret-Ann Thorne,trustee,Post-Secondary Education Training and Labour,0
margaux savoie-connolly|member|office of the premier,1,2022,2022,Margaux Savoie-Connolly,Member,Office of the Premier,0
margo rioux|psychiatrist|health,1,2020,2020,Margo Rioux,psychiatrist,Health,0
maria boone|ticket reviewer|justice and attorney general; public safety,1,2020,2020,Maria Boone,ticket reviewer,Justice and Attorney General; Public Safety,0
maria conroy|member|justice and attorney general,1,2020,2020,Maria Conroy,member,Justice and Attorney General,0
marianne mallia|chair|post-secondary education training and labour,1,2019,2019,Marianne Mallia,Chair,Post-Secondary Education Training and Labour,0
marianne mallia|member|post-secondary education training and labour,1,2018,2018,Marianne Mallia,member,Post-Secondary Education Training and Labour,0
marianne mallia|trustee and designated as chair|post-secondary education training and labour,1,2021,2021,Marianne Mallia,trustee and designated as Chair,Post-Secondary Education Training and Labour,0
"marie ange losier|member, representing appointments|post-secondary education training and labour",1,2019,2019,Marie Ange Losier,"Member, representing appointments",Post-Secondary Education Training and Labour,0
marie boutot|board of governors member|post-secondary education training and labour,1,2014,2014,Marie Boutot,Board of Governors Member,Post-Secondary Education Training and Labour,0
marie boutot|member|post-secondary education training and labour,1,2013,2013,Marie Boutot,member,Post-Secondary Education Training and Labour,0
marie claire ngweth|residential tenancies officer|service new brunswick,1,2021,2021,Marie Claire Ngweth,Residential Tenancies Officer,Service New Brunswick,0
marie eve chartrand|member|intergovernmental affairs,1,2018,2018,Marie Eve Chartrand,member,Intergovernmental Affairs,0
marie-ange losier|representative of appointments|post-secondary education training and labour,1,2016,2016,Marie-Ange Losier,representative of appointments,Post-Secondary Education Training and Labour,0
marie-anne mazerolle|deputy sheriff|justice,2,2014,2015,Marie-Anne Mazerolle,Deputy Sheriff,Justice,1
marie-claude doucet|member and chairperson|finance,1,2016,2016,Marie-Claude Doucet,member and Chairperson,Finance,0
marie-claude imough|member representing francophone teachers|education and early childhood development,1,2024,2024,Marie-Claude Imough,member representing francophone teachers,Education and Early Childhood Development,0
marie-eve michon|lay representative|health,1,2016,2016,Marie-Eve Michon,lay representative,Health,0
marie-france pelletier|ombud|executive council office,1,2021,2021,Marie-France Pelletier,Ombud,Executive Council Office,0
marie-josee duchesne|member|education and early childhood development,1,2017,2017,Marie-Josee Duchesne,member,Education and Early Childhood Development,0
marie-paul robichaud|member of the board of directors|new brunswick housing corporation,1,2023,2023,Marie-Paul Robichaud,member of the Board of Directors,New Brunswick Housing Corporation,0
marie-pier michaud|worker's advocate|post-secondary education training and labour,1,2013,2013,Marie-Pier Michaud,Worker's Advocate,Post-Secondary Education Training and Labour,0
marie-pierre dionne|chair|health,1,2017,2017,Marie-Pierre Dionne,Chair,Health,0
marielle caron|trustee|post-secondary education training and labour,1,2015,2015,Marielle Caron,trustee,Post-Secondary Education Training and Labour,0
marielle levesque|member of the appeal board on teacher certification|education and early childhood development,1,2014,2014,Marielle Levesque,Member of the Appeal Board on Teacher Certification,Education and Early Childhood Development,0
marilyn caissie|deputy sheriff|justice and public safety,1,2017,2017,Marilyn Caissie,Deputy Sheriff,Justice and Public Safety,0
marilyn evans born|member|finance and treasury board,2,2019,2021,Marilyn Evans Born,member,Finance and Treasury Board,2
marilyn luscombe|member of the board of directors|justice and attorney general,1,2020,2020,Marilyn Luscombe,member of the Board of Directors,Justice and Attorney General,0
marilyne paradis|coroner|public safety,1,2020,2020,Marilyne Paradis,coroner,Public Safety,0
marine polo|alternate chair|health,1,2023,2023,Marine Polo,alternate chair,Health,0
mario caissie|member of the board of directors|opportunities new brunswick,1,2017,2017,Mario Caissie,member of the Board of Directors,Opportunities New Brunswick,0
mario caissie|member|executive council office,1,2020,2020,Mario Caissie,member,Executive Council Office,0
mario caissie|vice-chair|executive council office,1,2020,2020,Mario Caissie,Vice-Chair,Executive Council Office,0
mario comeau|member|natural resources and energy development,2,2021,2024,Mario Comeau,member,Natural Resources and Energy Development,3
mario j. lanteigne|vice-chairperson|post-secondary education training and labour,1,2020,2020,Mario J. Lanteigne,Vice-Chairperson,Post-Secondary Education Training and Labour,0
mario leblanc|member representing appointments|post-secondary education training and labour,1,2020,2020,Mario Leblanc,member representing appointments,Post-Secondary Education Training and Labour,0
mario legace|occupational health and safety officer|post-secondary education training and labour,1,2015,2015,Mario Legace,Occupational Health and Safety Officer,Post-Secondary Education Training and Labour,0
mario theriault|board member|post-secondary education training and labour,1,2013,2013,Mario Theriault,Board Member,Post-Secondary Education Training and Labour,0
mario theriault|member representing appointments|post-secondary education training and labour,1,2016,2016,Mario Theriault,member representing appointments,Post-Secondary Education Training and Labour,0
marion r. butler|commissioner|aboriginal affairs secretariat,1,2018,2018,Marion R. Butler,Commissioner,Aboriginal Affairs Secretariat,0
marjorie davidson|member of the board of directors|environment and local government,1,2018,2018,Marjorie Davidson,member of the Board of Directors,Environment and Local Government,0
mark a. dykeman|trustee|post-secondary education training and labour,1,2021,2021,Mark A. Dykeman,trustee,Post-Secondary Education Training and Labour,0
"mark crowley|member of the board of governors, person nominated by the minister|post-secondary education training and labour",1,2019,2019,Mark Crowley,"member of the Board of Governors, person nominated by the Minister",Post-Secondary Education Training and Labour,0
mark crowley|member of the board of governors|post-secondary education training and labour,1,2022,2022,Mark Crowley,member of the Board of Governors,Post-Secondary Education Training and Labour,0
mark doucette|member|natural resources and energy development,1,2024,2024,Mark Doucette,member,Natural Resources and Energy Development,0
mark dykeman|trustee|post-secondary education training and labour,1,2024,2024,Mark Dykeman,trustee,Post-Secondary Education Training and Labour,0
mark fisher|members of the family income security appeal board|social development,1,2020,2020,Mark Fisher,members of the Family Income Security Appeal Board,Social Development,0
mark fisher|member|social development,1,2023,2023,Mark Fisher,Member,Social Development,0
mark flint|member of the board of governors|post-secondary education training and labour,1,2021,2021,Mark Flint,member of the Board of Governors,Post-Secondary Education Training and Labour,0
mark flint|member|post-secondary education training and labour,1,2018,2018,Mark Flint,member,Post-Secondary Education Training and Labour,0
mark gaudet|member of the board of directors|transportation,1,2014,2014,Mark Gaudet,member of the board of directors,Transportation,0
"mark gaudet|member, assistant deputy minister of strategic services|finance; transportation and infrastructure",1,2017,2017,Mark Gaudet,"Member, Assistant Deputy Minister of Strategic Services",Finance; Transportation and Infrastructure,0
mark glass|trustee|post-secondary education training and labour,1,2024,2024,Mark Glass,trustee,Post-Secondary Education Training and Labour,0
mark guindon|municipal returning officer|elections new brunswick,2,2015,2019,Mark Guindon,municipal returning officer,Elections New Brunswick,4
mark guindon|returning officer|executive council office,2,2017,2019,Mark Guindon,Returning Officer,Executive Council Office,2
mark leblanc|member of the board of directors|social development,1,2022,2022,Mark LeBlanc,member of the Board of Directors,Social Development,0
"mark mccauley|member of the board of directors|tourism, heritage and culture",1,2014,2014,Mark McCauley,member of the Board of Directors,"Tourism, Heritage and Culture",0
mark reddemann|director of the board of directors|energy and resource development,1,2018,2018,Mark Reddemann,Director of the board of directors,Energy and Resource Development,0
mark reddemann|director|energy and mines,1,2014,2014,Mark Reddemann,director,Energy and Mines,0
mark reddemann|director|natural resources and energy development,1,2020,2020,Mark Reddemann,director,Natural Resources and Energy Development,0
mark robere|her majesty's counsel|justice and public safety,1,2020,2020,Mark Robere,Her Majesty's Counsel,Justice and Public Safety,0
mark thibodeau|member representing employers|post-secondary education training and labour,1,2020,2020,Mark Thibodeau,member representing employers,Post-Secondary Education Training and Labour,0
marta a. shannon|her majesty's counsel|justice and public safety,1,2020,2020,Marta A. Shannon,Her Majesty's Counsel,Justice and Public Safety,0
martha o'sullivan|deputy minister of indigenous affairs|executive council office,1,2024,2024,Martha O'Sullivan,Deputy Minister of Indigenous Affairs,Executive Council Office,0
martha o'sullivan|member|natural resources,1,2015,2015,Martha O'Sullivan,member,Natural Resources,0
martha o'sullivan|representative|natural resources,1,2013,2013,Martha O'Sullivan,representative,Natural Resources,0
martial cormier|deputy sheriff|justice,1,2014,2014,Martial Cormier,Deputy Sheriff,Justice,0
martial mclaughlin|member|environment and local government,1,2017,2017,Martial McLaughlin,member,Environment and Local Government,0
martial mclaughlin|returning officer|executive council office,1,2017,2017,Martial McLaughlin,Returning Officer,Executive Council Office,0
martin belanger|member|office of the premier,1,2013,2013,Martin Belanger,member,Office of the Premier,0
martin fineberg|public representative|health,1,2019,2019,Martin Fineberg,public representative,Health,0
martin fineburg|lay representative|health,1,2016,2016,Martin Fineburg,lay representative,Health,0
martin richard|deputy sheriff|justice,1,2014,2014,Martin Richard,Deputy Sheriff,Justice,0
martin savoie|deputy sheriff|public safety,1,2019,2019,Martin Savoie,Deputy Sheriff,Public Safety,0
martine marchand|member|executive council office,1,2018,2018,Martine Marchand,Member,Executive Council Office,0
marven grant|member and vice-chairperson|finance and treasury board,1,2022,2022,Marven Grant,member and Vice-chairperson,Finance and Treasury Board,0
marven grant|vice-chairperson|finance; treasury board,1,2019,2019,Marven Grant,Vice-Chairperson,Finance; Treasury Board,0
mary ann mackay|member of the board of directors|education and early childhood development,2,2022,2024,Mary Ann Mackay,member of the Board of Directors,Education and Early Childhood Development,2
mary carpenter|member of the board of governors|post-secondary education training and labour,1,2015,2015,Mary Carpenter,member of the Board of Governors,Post-Secondary Education Training and Labour,0
mary casement|municipal returning officer|elections new brunswick,2,2016,2019,Mary Casement,municipal returning officer,Elections New Brunswick,3
mary casement|returning officer|elections new brunswick,1,2013,2013,Mary Casement,Returning Officer,Elections New Brunswick,0
mary e. carpenter|board of governors|post-secondary education training and labour,1,2016,2016,Mary E. Carpenter,Board of Governors,Post-Secondary Education Training and Labour,0
mary e. wilson|members of the executive council|executive council office,1,2018,2018,Mary E. Wilson,members of the Executive Council,Executive Council Office,0
mary e. wilson|minister of economic development and small business|executive council office,1,2019,2019,Mary E. Wilson,Minister of Economic Development and Small Business,Executive Council Office,0
"mary ellen vaughan|member of the board of directors|tourism, heritage and culture",1,2018,2018,Mary Ellen Vaughan,member of the Board of Directors,"Tourism, Heritage and Culture",0
mary gatien|inspector of anatomy|health,1,2014,2014,Mary Gatien,inspector of anatomy,Health,0
mary jane richards|acting chief judge|justice and public safety,1,2021,2021,Mary Jane Richards,acting Chief Judge,Justice and Public Safety,0
mary jane richards|associate chief judge|justice,1,2014,2014,Mary Jane Richards,Associate Chief Judge,Justice,0
mary lesage|member|social development,1,2021,2021,Mary LeSage,member,Social Development,0
mary lynch|member|social development,1,2017,2017,Mary Lynch,member,Social Development,0
mary mcauliffe|returning officer|executive council office,1,2017,2017,Mary McAuliffe,Returning Officer,Executive Council Office,0
mary wilson|member of the executive council|executive council office,2,2020,2023,Mary Wilson,member of the Executive Council,Executive Council Office,3
mary wilson|member|executive council office,1,2018,2018,Mary Wilson,member,Executive Council Office,0
mary wilson|minister of service new brunswick|executive council office,2,2020,2023,Mary Wilson,Minister of Service New Brunswick,Executive Council Office,3
mary-eileen o'brien|member|service new brunswick,1,2015,2015,Mary-Eileen O'Brien,member,Service New Brunswick,0
marylene pilote|vice-chairperson|post-secondary education training and labour,1,2015,2015,Marylene Pilote,Vice-Chairperson,Post-Secondary Education Training and Labour,0
maryléne pilote|her majesty's counsel|justice,1,2014,2014,Maryléne Pilote,Her Majesty's Counsel,Justice,0
maryléne pilote|vice-chair|post-secondary education training and labour,1,2018,2018,Maryléne Pilote,Vice-Chair,Post-Secondary Education Training and Labour,0
maryse galzier|worker's advocate|post-secondary education training and labour,1,2018,2018,Maryse Galzier,Worker's Advocate,Post-Secondary Education Training and Labour,0
mathew christie|deputy sheriff|public safety,1,2019,2019,Mathew Christie,Deputy Sheriff,Public Safety,0
mathieu doucet|member|post-secondary education training and labour,1,2021,2021,Mathieu Doucet,Member,Post-Secondary Education Training and Labour,0
mathieu lemieux|member|social development,1,2021,2021,Mathieu Lemieux,member,Social Development,0
"mathieu picard|alternate chair of the mental health tribunals for zones 1, 2, 3 and 7 (south)|health",1,2021,2021,Mathieu Picard,"alternate Chair of the Mental Health Tribunals for zones 1, 2, 3 and 7 (South)",Health,0
mathieu picard|member|health,1,2021,2021,Mathieu Picard,member,Health,0
matthew cripps|case management master|justice and public safety,2,2018,2021,Matthew Cripps,Case Management Master,Justice and Public Safety,3
matthew cripps|emergency adjudicative officer|justice and public safety,1,2018,2018,Matthew Cripps,Emergency Adjudicative Officer,Justice and Public Safety,0
matthew cripps|judge|justice and public safety,1,2023,2023,Matthew Cripps,judge,Justice and Public Safety,0
matthew cripps|small claim adjudicator|justice and attorney general,1,2019,2019,Matthew Cripps,Small Claim Adjudicator,Justice and Attorney General,0
matthew lemieux|deputy sheriff|justice and public safety,1,2017,2017,Matthew Lemieux,Deputy Sheriff,Justice and Public Safety,0
matthew m. tweedie|chair|health,1,2015,2015,Matthew M. Tweedie,chair,Health,0
matthew m. tweedie|her majesty's counsel|executive council office,1,2019,2019,Matthew M. Tweedie,Her Majesty's Counsel,Executive Council Office,0
matthew pearn|alternate chair|health,1,2022,2022,Matthew Pearn,Alternate Chair,Health,0
matthew t. hayes|her majesty’s counsel|executive council office,1,2021,2021,Matthew T. Hayes,Her Majesty’s Counsel,Executive Council Office,0
"matthew tweedie|chairperson|agriculture, aquaculture and fisheries",1,2023,2023,Matthew Tweedie,Chairperson,"Agriculture, Aquaculture and Fisheries",0
maureen olsen|councillor|health,1,2022,2022,Maureen Olsen,Councillor,Health,0
maureen soriano|trustees|post-secondary education training and labour,1,2013,2013,Maureen Soriano,trustees,Post-Secondary Education Training and Labour,0
maureen soriano|trustee|post-secondary education training and labour,1,2016,2016,Maureen Soriano,trustee,Post-Secondary Education Training and Labour,0
maureen wallace|appointment representative on the board of directors|post-secondary education training and labour,1,2014,2014,Maureen Wallace,appointment representative on the Board of Directors,Post-Secondary Education Training and Labour,0
maurice c. richard|his majesty’s counsel|justice and public safety,1,2024,2024,Maurice C. Richard,His Majesty’s Counsel,Justice and Public Safety,0
maurice chasse|member of the discipline committee|environment and local government,1,2018,2018,Maurice Chasse,member of the Discipline Committee,Environment and Local Government,0
"maurice maillet|chair|agriculture, aquaculture and fisheries",1,2018,2018,Maurice Maillet,Chair,"Agriculture, Aquaculture and Fisheries",0
"maurice maillet|vice-chair|agriculture, aquaculture and fisheries",1,2023,2023,Maurice Maillet,Vice-Chair,"Agriculture, Aquaculture and Fisheries",0
maurice pelletier|returning officer|elections new brunswick,1,2013,2013,Maurice Pelletier,Returning Officer,Elections New Brunswick,0
maurice picard|vice-chairperson|post-secondary education training and labour,1,2013,2013,Maurice Picard,Vice-Chairperson,Post-Secondary Education Training and Labour,0
maurice theriault|member|justice,1,2016,2016,Maurice Theriault,member,Justice,0
may nazair|alternate member|environment and local government,1,2016,2016,May Nazair,Alternate Member,Environment and Local Government,0
maya hamou|case management master|justice and public safety,1,2022,2022,Maya Hamou,Case Management Master,Justice and Public Safety,0
mayme lefurgey|member|executive council office,1,2018,2018,Mayme Lefurgey,member,Executive Council Office,0
meagan wood|member representing appointments|post-secondary education training and labour,2,2016,2020,Meagan Wood,member representing appointments,Post-Secondary Education Training and Labour,4
"meaghan seagrave|member, and vice-chair|executive council office",1,2023,2023,Meaghan Seagrave,"member, and Vice-Chair",Executive Council Office,0
meaghan seagrave|member|executive council office,1,2019,2019,Meaghan Seagrave,member,Executive Council Office,0
medical practitioners|medical staff|health,2,2016,2016,medical practitioners,medical staff,Health,0
meg collins|vice-chairperson|post-secondary education training and labour,1,2024,2024,Meg Collins,Vice-Chairperson,Post-Secondary Education Training and Labour,0
megan currie|deputy sheriff|justice,1,2014,2014,Megan Currie,Deputy Sheriff,Justice,0
megan harmon|municipal returning officer|elections new brunswick,1,2015,2015,Megan Harmon,municipal returning officer,Elections New Brunswick,0
megan williams|deputy sheriff|justice,1,2015,2015,Megan Williams,Deputy Sheriff,Justice,0
meghan richards|member|health,1,2016,2016,Meghan Richards,member,Health,0
mel norton|chairperson of the board of directors|post-secondary education training and labour,1,2024,2024,Mel Norton,Chairperson of the Board of Directors,Post-Secondary Education Training and Labour,0
mel norton|part-time chairperson of the worksafenb board of directors|post-secondary education training and labour,1,2019,2019,Mel Norton,Part-time Chairperson of the WorkSafeNB Board of Directors,Post-Secondary Education Training and Labour,0
mel parker|alternate member|environment and local government,1,2023,2023,Mel Parker,Alternate Member,Environment and Local Government,0
mel parker|municipal returning officer|elections new brunswick,1,2015,2015,Mel Parker,municipal returning officer,Elections New Brunswick,0
mel parker|returning officer|executive council office,1,2019,2019,Mel Parker,Returning Officer,Executive Council Office,0
mel parker|trustee from the public at large|post-secondary education training and labour,1,2019,2019,Mel Parker,trustee from the public at large,Post-Secondary Education Training and Labour,0
mel parker|trustee|post-secondary education training and labour,2,2014,2022,Mel Parker,trustee,Post-Secondary Education Training and Labour,8
melanie burns|members of the family income security appeal board|social development,1,2020,2020,Melanie Burns,members of the Family Income Security Appeal Board,Social Development,0
melanie burns|member|social development,1,2023,2023,Melanie Burns,Member,Social Development,0
melanie cyr tompkins|vice-chair of the appeal board on teacher certification representing the francophone community|education and early childhood development,1,2014,2014,Melanie Cyr Tompkins,Vice-chair of the Appeal Board on Teacher Certification representing the Francophone community,Education and Early Childhood Development,0
melanie cyr-tompkins|member|post-secondary education training and labour,1,2013,2013,Melanie Cyr-Tompkins,member,Post-Secondary Education Training and Labour,0
melanie hachey|deputy sheriff|justice,1,2015,2015,Melanie Hachey,Deputy Sheriff,Justice,0
melanie l. cassidy|his majesty’s counsel|executive council office,1,2023,2023,Melanie L. Cassidy,His Majesty’s Counsel,Executive Council Office,0
melanie mcgrath|chair of the appeal board on teacher certification|education and early childhood development,1,2014,2014,Melanie McGrath,Chair of the Appeal Board on Teacher Certification,Education and Early Childhood Development,0
melanie mcgrath|member of the financial and consumer services tribunal|finance and treasury board,1,2020,2020,Melanie McGrath,member of the Financial and Consumer Services Tribunal,Finance and Treasury Board,0
melanie patrick|clerk of the court of king's bench of new brunswick - trial division and clerk of the probate court of new brunswick|justice and public safety,1,2024,2024,Melanie Patrick,Clerk of the Court of King's Bench of New Brunswick - Trial Division and Clerk of the Probate Court of New Brunswick,Justice and Public Safety,0
melanie paulin gagnon|member of the board of governors|post-secondary education training and labour,2,2019,2019,Melanie Paulin Gagnon,member of the Board of Governors,Post-Secondary Education Training and Labour,0
melanie paulin-gagnon|person nominated by the board|post-secondary education training and labour,1,2015,2015,Melanie Paulin-Gagnon,person nominated by the Board,Post-Secondary Education Training and Labour,0
melanie tompkins|chairperson|health,1,2013,2013,Melanie Tompkins,chairperson,Health,0
melissa gillis|member of the board of directors|social development,1,2022,2022,Melissa Gillis,member of the Board of Directors,Social Development,0
melissa langlais|member|health,1,2018,2018,Melissa Langlais,member,Health,0
melodie bourque-melanson|returning officer|executive council office,1,2019,2019,Melodie Bourque-Melanson,Returning Officer,Executive Council Office,0
mercedes guenette|student member of the board of governors|post-secondary education training and labour,1,2018,2018,Mercedes Guenette,Student Member of the Board of Governors,Post-Secondary Education Training and Labour,0
michael a. lewis|fire marshal|public safety,1,2019,2019,Michael A. Lewis,Fire Marshal,Public Safety,0
michael allan woodrow|coroner|public safety,1,2013,2013,Michael Allan Woodrow,coroner,Public Safety,0
michael allen woodrow|coroner|public safety,1,2015,2015,Michael Allen Woodrow,coroner,Public Safety,0
michael blanchard|member|environment and local government,2,2017,2020,Michael Blanchard,member,Environment and Local Government,3
michael blaney|supervisor|environment and local government,1,2023,2023,Michael Blaney,Supervisor,Environment and Local Government,0
michael breau|deputy sheriff|justice,1,2014,2014,Michael Breau,Deputy Sheriff,Justice,0
michael bronson|member representing region eight|environment and local government,1,2014,2014,Michael Bronson,Member representing Region Eight,Environment and Local Government,0
michael bronson|member|environment and local government,1,2017,2017,Michael Bronson,member,Environment and Local Government,0
michael butler|member|education and early childhood development,1,2017,2017,Michael Butler,member,Education and Early Childhood Development,0
michael campbell|chair|executive council office,1,2022,2022,Michael Campbell,Chair,Executive Council Office,0
michael comeau|deputy minister of justice and public safety|executive council office,1,2017,2017,Michael Comeau,Deputy Minister of Justice and Public Safety,Executive Council Office,0
michael costello|member|energy and mines,1,2013,2013,Michael Costello,member,Energy and Mines,0
michael d. brenton|her majesty's counsel|office of the attorney general,1,2015,2015,Michael D. Brenton,Her Majesty's Counsel,Office of the Attorney General,0
michael d. wennberg|member|justice and attorney general,1,2013,2013,Michael D. Wennberg,member,Justice and Attorney General,0
"michael davidson|chair, member of the board of examiners for compressed gas|public safety",1,2020,2020,Michael Davidson,"Chair, member of the Board of Examiners for Compressed Gas",Public Safety,0
michael davidson|chair|justice and public safety,1,2017,2017,Michael Davidson,Chair,Justice and Public Safety,0
michael e. bowlin|her majesty's counsel|justice and attorney general,1,2013,2013,Michael E. Bowlin,Her Majesty's Counsel,Justice and Attorney General,0
michael george|lay representative|health,1,2017,2017,Michael George,lay representative,Health,0
michael george|member representing the saint john region|office of the premier,1,2016,2016,Michael George,member representing the Saint John Region,Office of the Premier,0
michael george|members|office of the premier,1,2013,2013,Michael George,members,Office of the Premier,0
michael george|member|office of the premier,4,2013,2019,Michael George,member,Office of the Premier,6
michael h. johnston|coroner|public safety,2,2016,2019,Michael H. Johnston,coroner,Public Safety,3
michael holland|minister of natural resources and energy development|executive council office,1,2020,2020,Michael Holland,Minister of Natural Resources and Energy Development,Executive Council Office,0
michael j. campbell|member of the board of directors|opportunities new brunswick,1,2017,2017,Michael J. Campbell,member of the Board of Directors,Opportunities New Brunswick,0
michael j. campbell|member|executive council office,1,2020,2020,Michael J. Campbell,member,Executive Council Office,0
michael j. morrison|returning officer|executive council office,2,2019,2019,Michael J. Morrison,Returning Officer,Executive Council Office,0
michael l. mccluskey|reviewing officer|justice,1,2015,2015,Michael L. McCluskey,reviewing officer,Justice,0
"michael lavigne|member|agriculture, aquaculture and fisheries",1,2023,2023,Michael Lavigne,member,"Agriculture, Aquaculture and Fisheries",0
michael macmullin|member representing workers|post-secondary education training and labour,1,2024,2024,Michael MacMullin,member representing workers,Post-Secondary Education Training and Labour,0
michael macmullin|worker representative|post-secondary education training and labour,1,2018,2018,Michael MacMullin,worker representative,Post-Secondary Education Training and Labour,0
michael marin|king’s counsel|executive council office,1,2022,2022,Michael Marin,King’s Counsel,Executive Council Office,0
michael marin|vice-chairperson|post-secondary education training and labour,1,2018,2018,Michael Marin,Vice-Chairperson,Post-Secondary Education Training and Labour,0
michael marin|vice-chair|post-secondary education training and labour,2,2021,2024,Michael Marin,Vice-Chair,Post-Secondary Education Training and Labour,3
michael melanson|rentalsman|service new brunswick,1,2015,2015,Michael Melanson,rentalsman,Service New Brunswick,0
michael o’blenis|member representing the forest industries|natural resources,1,2014,2014,Michael O’Blenis,Member representing the forest industries,Natural Resources,0
michael o’blenis|member|energy and resource development,1,2019,2019,Michael O’Blenis,Member,Energy and Resource Development,0
michael pickup|comptroller|finance and treasury board,1,2024,2024,Michael Pickup,Comptroller,Finance and Treasury Board,0
michael richard|trustees|post-secondary education training and labour,1,2013,2013,Michael Richard,trustees,Post-Secondary Education Training and Labour,0
michael richard|trustee|post-secondary education training and labour,1,2016,2016,Michael Richard,trustee,Post-Secondary Education Training and Labour,0
michael s. dean|reviewing officer|justice,1,2014,2014,Michael S. Dean,reviewing officer,Justice,0
michael sellman|director|energy and mines,1,2015,2015,Michael Sellman,director,Energy and Mines,0
michael sellman|director|energy and resource development,1,2019,2019,Michael Sellman,Director,Energy and Resource Development,0
michael simonds|deputy sheriff|justice,1,2014,2014,Michael Simonds,Deputy Sheriff,Justice,0
michael walsh|board of governors|post-secondary education training and labour,1,2020,2020,Michael Walsh,Board of Governors,Post-Secondary Education Training and Labour,0
michael walton|chairperson of the board of directors|finance,1,2015,2015,Michael Walton,Chairperson of the Board of Directors,Finance,0
michael walton|chairperson|finance,1,2013,2013,Michael Walton,Chairperson,Finance,0
michael walton|member of the board of directors|finance,1,2015,2015,Michael Walton,member of the Board of Directors,Finance,0
michael wennberg|member|finance,1,2018,2018,Michael Wennberg,member,Finance,0
michel bastarache|her majesty's counsel|justice and attorney general,1,2013,2013,Michel Bastarache,Her Majesty's Counsel,Justice and Attorney General,0
michel boudreau|chief sheriff|justice and public safety,1,2018,2018,Michel Boudreau,Chief Sheriff,Justice and Public Safety,0
michel c. leger|chair|environment and local government,2,2024,2024,Michel C. Leger,Chair,Environment and Local Government,0
michel carrier|acting commissioner of official languages|executive council office,2,2018,2019,Michel Carrier,Acting Commissioner of Official Languages,Executive Council Office,1
"michel comeau|member|agriculture, aquaculture and fisheries",1,2021,2021,Michel Comeau,member,"Agriculture, Aquaculture and Fisheries",0
michel cote|member|education and early childhood development,3,2017,2020,Michel Cote,member,Education and Early Childhood Development,3
michel cote|member|post-secondary education training and labour,1,2013,2013,Michel COte,member,Post-Secondary Education Training and Labour,0
michel cyr|occupational health and safety officer|post-secondary education training and labour,1,2016,2016,Michel Cyr,Occupational Health and Safety Officer,Post-Secondary Education Training and Labour,0
michel cété|member representing the public|education and early childhood development,1,2024,2024,Michel Cété,member representing the public,Education and Early Childhood Development,0
"michel cété|member|tourism, heritage and culture",1,2021,2021,Michel Cété,member,"Tourism, Heritage and Culture",0
michel doiron|members of the small claims complaints committee panel|justice,1,2014,2014,Michel Doiron,Members of the Small Claims Complaints Committee Panel,Justice,0
michel fournier|member of the board of governors|post-secondary education training and labour,1,2024,2024,Michel Fournier,member of the Board of Governors,Post-Secondary Education Training and Labour,0
michel guitard|member and vice-chair of the board of directors|social development,1,2022,2022,Michel Guitard,member and Vice-Chair of the Board of Directors,Social Development,0
michel guitard|member of the board of directors|social development,1,2017,2017,Michel Guitard,member of the Board of Directors,Social Development,0
michel jean|coroner|public safety,1,2013,2013,Michel Jean,coroner,Public Safety,0
michel maltais|member|post-secondary education training and labour,1,2017,2017,Michel Maltais,Member,Post-Secondary Education Training and Labour,0
michel poirier|mining commissioner|energy and mines,1,2014,2014,Michel Poirier,Mining Commissioner,Energy and Mines,0
michel poirier|mining commissioner|energy and resource development,1,2019,2019,Michel Poirier,Mining Commissioner,Energy and Resource Development,0
michel richard|member and chairperson|health,1,2017,2017,Michel Richard,member and chairperson,Health,0
michel therrien|board of governors|post-secondary education training and labour,1,2016,2016,Michel Therrien,Board of Governors,Post-Secondary Education Training and Labour,0
michel vautour|member|environment and local government,2,2016,2019,Michel Vautour,member,Environment and Local Government,3
michel vautour|returning officer|elections new brunswick,1,2013,2013,Michel Vautour,Returning Officer,Elections New Brunswick,0
michel vautour|returning officer|executive council office,1,2019,2019,Michel Vautour,Returning Officer,Executive Council Office,0
"michele c. brideau|member|tourism, heritage and culture",1,2017,2017,Michele C. Brideau,member,"Tourism, Heritage and Culture",0
michele caron|member representative of workers|post-secondary education training and labour,1,2014,2014,Michele Caron,member representative of workers,Post-Secondary Education Training and Labour,0
michele ouellette|member representing the edmundston region|office of the premier,1,2016,2016,Michele Ouellette,member representing the Edmundston Region,Office of the Premier,0
michele ouellette|member|office of the premier,2,2019,2020,Michele Ouellette,member,Office of the Premier,1
michele pelletier|consumer advocate for insurance|executive council office,1,2016,2016,Michele Pelletier,Consumer Advocate for Insurance,Executive Council Office,0
michele pelletier|member|service new brunswick,1,2013,2013,Michele Pelletier,Member,Service New Brunswick,0
michele pelletier|vice-chairperson|post-secondary education training and labour,1,2015,2015,Michele Pelletier,Vice-Chairperson,Post-Secondary Education Training and Labour,0
micheline hachey|member|environment and local government,2,2019,2022,Micheline Hachey,member,Environment and Local Government,3
micheline hachey|returning officer|executive council office,1,2019,2019,Micheline Hachey,Returning Officer,Executive Council Office,0
micheline lagace-melanson|board of governors|post-secondary education training and labour,1,2016,2016,Micheline Lagace-Melanson,Board of Governors,Post-Secondary Education Training and Labour,0
micheline sullivan|returning officer|executive council office,2,2017,2017,Micheline Sullivan,Returning Officer,Executive Council Office,0
micheline t. doiron|chair|environment and local government,2,2015,2023,Micheline T. Doiron,Chair,Environment and Local Government,8
michelle thérése cormier|public representative to the discipline committee|health,1,2022,2022,Michelle Thérése Cormier,public representative to the Discipline Committee,Health,0
michelyne paulin|director|natural resources and energy development,1,2021,2021,Michelyne Paulin,Director,Natural Resources and Energy Development,0
michéle hébert|member representing the public|education and early childhood development,1,2024,2024,Michéle Hébert,member representing the public,Education and Early Childhood Development,0
michéle hébert|member|finance and treasury board,1,2023,2023,Michéle Hébert,member,Finance and Treasury Board,0
michéle morin|king’s counsel|executive council office,1,2022,2022,Michéle Morin,King’s Counsel,Executive Council Office,0
michéle nadeau|member organization representative|women's equality,1,2024,2024,Michéle Nadeau,Member Organization Representative,Women's Equality,0
michéle ouellette|member|office of the premier,2,2017,2023,Michéle Ouellette,member,Office of the Premier,6
michéle pelletier|king’s counsel|executive council office,1,2022,2022,Michéle Pelletier,King’s Counsel,Executive Council Office,0
michéle tania audette|commissioner|aboriginal affairs secretariat,1,2018,2018,Michéle Tania Audette,Commissioner,Aboriginal Affairs Secretariat,0
miguel leblanc|lay representative who is not a member of the association|health,1,2023,2023,Miguel LeBlanc,lay representative who is not a member of the Association,Health,0
mike burris|inspector|public safety,1,2013,2013,Mike Burris,inspector,Public Safety,0
mike campbell|member of the board of directors|economic development,1,2015,2015,Mike Campbell,Member of the Board of Directors,Economic Development,0
mike comeau|deputy minister of justice and public safety and deputy attorney general|executive council office,1,2020,2020,Mike Comeau,Deputy Minister of Justice and Public Safety and Deputy Attorney General,Executive Council Office,0
mike doiron|member|health,2,2016,2019,Mike Doiron,member,Health,3
mike gaudet|sheriff|justice and public safety,1,2016,2016,Mike Gaudet,Sheriff,Justice and Public Safety,0
mike holland|acting minister of indigenous affairs|executive council office,1,2024,2024,Mike Holland,Acting Minister of Indigenous Affairs,Executive Council Office,0
mike holland|member of the executive council|executive council office,1,2020,2020,Mike Holland,member of the Executive Council,Executive Council Office,0
mike holland|members of the executive council|executive council office,1,2018,2018,Mike Holland,members of the Executive Council,Executive Council Office,0
mike holland|member|executive council office,1,2018,2018,Mike Holland,member,Executive Council Office,0
mike holland|minister of energy and resource development|executive council office,1,2018,2018,Mike Holland,Minister of Energy and Resource Development,Executive Council Office,0
mike holland|minister of indigenous affairs|executive council office,1,2024,2024,Mike Holland,Minister of Indigenous Affairs,Executive Council Office,0
mike holland|minister of natural resources and energy development|executive council office,2,2020,2024,Mike Holland,Minister of Natural Resources and Energy Development,Executive Council Office,4
mike jenkins|member of the board of directors|finance; new brunswick liquor corporation,2,2013,2017,Mike Jenkins,member of the Board of Directors,Finance; New Brunswick Liquor Corporation,4
mike jenkins|member of the board of directors|new brunswick liquor corporation,1,2014,2014,Mike Jenkins,member of the Board of Directors,New Brunswick Liquor Corporation,0
mike legere|member representing the forest industries of new brunswick|natural resources and energy development,1,2023,2023,Mike Legere,Member representing the forest industries of New Brunswick,Natural Resources and Energy Development,0
mike legere|member|natural resources and energy development,1,2021,2021,Mike Legere,member,Natural Resources and Energy Development,0
mike martin|deputy sheriff|justice,1,2015,2015,Mike Martin,Deputy Sheriff,Justice,0
mike wilson|director of the board of directors|energy and resource development,1,2018,2018,Mike Wilson,Director of the board of directors,Energy and Resource Development,0
mike wilson|director|energy and mines,1,2014,2014,Mike Wilson,director,Energy and Mines,0
mike wilson|director|energy and resource development,1,2019,2019,Mike Wilson,Director,Energy and Resource Development,0
mireille pafford|returning officer|elections new brunswick,1,2013,2013,Mireille Pafford,Returning Officer,Elections New Brunswick,0
mireille saulnier|member of the board of directors|service new brunswick,1,2018,2018,Mireille Saulnier,Member of the Board of Directors,Service New Brunswick,0
mireille saulnier|member|service new brunswick,1,2015,2015,Mireille Saulnier,member,Service New Brunswick,0
mireille vautour|member representing the north-west region of the province|post-secondary education training and labour,1,2023,2023,Mireille Vautour,member representing the North-West region of the province,Post-Secondary Education Training and Labour,0
mireille vautour|member|post-secondary education training and labour,1,2020,2020,Mireille Vautour,member,Post-Secondary Education Training and Labour,0
mitchell downey|member|finance and treasury board,1,2021,2021,Mitchell Downey,member,Finance and Treasury Board,0
"molly demma|members of the board of directors|tourism, heritage and culture",1,2016,2016,Molly Demma,members of the Board of Directors,"Tourism, Heritage and Culture",0
"molly demma|vice-chair of the board of directors|tourism, heritage and culture",1,2017,2017,Molly Demma,Vice-Chair of the Board of Directors,"Tourism, Heritage and Culture",0
mona duguay|sheriff|justice and public safety,1,2016,2016,Mona Duguay,Sheriff,Justice and Public Safety,0
mona levesque|member for the north|health,1,2018,2018,Mona Levesque,member for the north,Health,0
mona levesque|member|health,1,2015,2015,Mona Levesque,member,Health,0
monica l. barley|chair of the financial and consumer services tribunal|justice,1,2014,2014,Monica L. Barley,Chair of the Financial and Consumer Services Tribunal,Justice,0
monica landry|deputy sheriff|justice and public safety,1,2017,2017,Monica Landry,Deputy Sheriff,Justice and Public Safety,0
monica lavoie|lay representative|health,1,2018,2018,Monica Lavoie,lay representative,Health,0
monica leclerc|deputy sheriff|public safety,1,2019,2019,Monica LeClerc,Deputy Sheriff,Public Safety,0
monica mallowan|trustee|post-secondary education training and labour,1,2015,2015,Monica Mallowan,trustee,Post-Secondary Education Training and Labour,0
monica plourde|member|environment and local government,3,2018,2024,Monica Plourde,Member,Environment and Local Government,6
monika berenyi|alternate chair|health,1,2023,2023,Monika Berenyi,alternate chair,Health,0
monique arsenault|member|education and early childhood development,1,2017,2017,Monique Arsenault,member,Education and Early Childhood Development,0
monique caissie|clerk of the court of king’s bench of new brunswick — trial division|justice and public safety,1,2024,2024,Monique Caissie,Clerk of the Court of King’s Bench of New Brunswick — Trial Division,Justice and Public Safety,0
monique caissie|clerk of the probate court of new brunswick|justice and public safety,1,2024,2024,Monique Caissie,Clerk of the Probate Court of New Brunswick,Justice and Public Safety,0
monique mallet-boucher|alternate member|health,2,2023,2024,Monique Mallet-Boucher,alternate member,Health,1
monique morin|coroners|justice and public safety,1,2017,2017,Monique Morin,coroners,Justice and Public Safety,0
monique morin|coroner|public safety,1,2015,2015,Monique Morin,coroner,Public Safety,0
monique noel|municipal returning officer|elections new brunswick,1,2013,2013,Monique Noel,municipal returning officer,Elections New Brunswick,0
monique noél|returning officer|elections new brunswick,1,2014,2014,Monique Noél,Returning Officer,Elections New Brunswick,0
monique richard|vice-chair|healthy and inclusive communities,1,2014,2014,Monique Richard,Vice-Chair,Healthy and Inclusive Communities,0
monique veillette|her majesty's counsel|justice and public safety,1,2020,2020,Monique Veillette,Her Majesty's Counsel,Justice and Public Safety,0
morgan wilcox|vice-chair|post-secondary education training and labour,1,2024,2024,Morgan Wilcox,Vice-Chair,Post-Secondary Education Training and Labour,0
moses a. alatishe|alternate member (psychiatrist)|health,2,2014,2017,Moses A. Alatishe,alternate member (psychiatrist),Health,3
mr. adelard cormier|member|post-secondary education training and labour,1,2013,2013,Mr. Adelard Cormier,member,Post-Secondary Education Training and Labour,0
mr. donald floyd|member|natural resources,1,2013,2013,Mr. Donald Floyd,Member,Natural Resources,0
mr. neil a. vibert|member|post-secondary education training and labour,1,2013,2013,Mr. Neil A. Vibert,member,Post-Secondary Education Training and Labour,0
mr. peter klohn|chair|finance,1,2018,2018,Mr. Peter Klohn,Chair,Finance,0
ms. lelanda paterson|returning officer|elections new brunswick,1,2014,2014,Ms. Lelanda Paterson,Returning Officer,Elections New Brunswick,0
murielle saulnier|returning officer|elections new brunswick,1,2013,2013,Murielle Saulnier,Returning Officer,Elections New Brunswick,0
"murphy friesen|member|agriculture, aquaculture and fisheries",2,2018,2021,Murphy Friesen,member,"Agriculture, Aquaculture and Fisheries",3
murray driscoll|member|post-secondary education training and labour,1,2017,2017,Murray Driscoll,member,Post-Secondary Education Training and Labour,0
myriam mekni|member|post-secondary education training and labour,1,2021,2021,Myriam Mekni,member,Post-Secondary Education Training and Labour,0
mélanie c. tompkins|his majesty’s counsel|executive council office,1,2023,2023,Mélanie C. Tompkins,His Majesty’s Counsel,Executive Council Office,0
mélanie mcgrath|chair|finance and treasury board,1,2021,2021,Mélanie McGrath,Chair,Finance and Treasury Board,0
mélanie mcgrath|member|finance,1,2018,2018,Mélanie McGrath,member,Finance,0
mélanie paulin-gagnon|member|post-secondary education training and labour,1,2022,2022,Mélanie Paulin-Gagnon,Member,Post-Secondary Education Training and Labour,0
mélanie poirier leblanc|associate chief judge|justice and public safety,1,2024,2024,Mélanie Poirier LeBlanc,Associate Chief Judge,Justice and Public Safety,0
mélanie poirier leblanc|his majesty’s counsel|executive council office,1,2023,2023,Mélanie Poirier LeBlanc,His Majesty’s Counsel,Executive Council Office,0
mélanie poirier leblanc|judge|justice and public safety,1,2023,2023,Mélanie Poirier LeBlanc,judge,Justice and Public Safety,0
nadia hebert|member|office of the premier,1,2013,2013,Nadia Hebert,member,Office of the Premier,0
nadine leger-sexton|chair|environment and local government,2,2015,2017,Nadine Leger-Sexton,Chair,Environment and Local Government,2
nadine leger|chair of the board|environment and local government,1,2019,2019,Nadine Leger,Chair of the Board,Environment and Local Government,0
nadine léger|chair of the pension board|environment and local government,1,2021,2021,Nadine Léger,Chair of the Pension Board,Environment and Local Government,0
nadine léger|chair|environment and local government,1,2023,2023,Nadine Léger,Chair,Environment and Local Government,0
nadine martin|member of the family income security appeal board|social development,1,2015,2015,Nadine Martin,Member of the Family Income Security Appeal Board,Social Development,0
nancy boucher|member of the board of directors|education and early childhood development,2,2014,2016,Nancy Boucher,member of the Board of Directors,Education and Early Childhood Development,2
nancy e. forbes|her majesty's counsel|justice and attorney general,1,2013,2013,Nancy E. Forbes,Her Majesty's Counsel,Justice and Attorney General,0
nancy guerette|returning officer|elections new brunswick,1,2013,2013,Nancy Guerette,Returning Officer,Elections New Brunswick,0
"nancy london|member|agriculture, aquaculture and fisheries",1,2013,2013,Nancy London,member,"Agriculture, Aquaculture and Fisheries",0
nancy m. coulton|returning officer|executive council office,1,2019,2019,Nancy M. Coulton,Returning Officer,Executive Council Office,0
nancy mcleod|returning officer|elections new brunswick,1,2013,2013,Nancy McLeod,Returning Officer,Elections New Brunswick,0
nancy poirier|coroner|public safety,1,2019,2019,Nancy Poirier,Coroner,Public Safety,0
nancy sutherland|returning officer|executive council office,1,2019,2019,Nancy Sutherland,Returning Officer,Executive Council Office,0
nancy whipp|director of the board of directors|energy and resource development,1,2018,2018,Nancy Whipp,Director of the board of directors,Energy and Resource Development,0
nancy whipp|director|energy and resource development,1,2019,2019,Nancy Whipp,Director,Energy and Resource Development,0
nancy whipp|director|natural resources and energy development,1,2024,2024,Nancy Whipp,Director,Natural Resources and Energy Development,0
naomi stewart|returning officer|elections new brunswick,1,2013,2013,Naomi Stewart,Returning Officer,Elections New Brunswick,0
natalie h. leblanc|registrar|justice and attorney general,1,2013,2013,Natalie H. LeBlanc,Registrar,Justice and Attorney General,0
natalie leblanc|chief sheriff|justice,1,2015,2015,Natalie LeBlanc,Chief Sheriff,Justice,0
natalie leblanc|provincial court judge|justice and public safety,1,2017,2017,Natalie LeBlanc,Provincial Court Judge,Justice and Public Safety,0
natalie leblanc|sheriff|justice,1,2015,2015,Natalie LeBlanc,sheriff,Justice,0
natasha ostaff|member|executive council office,1,2024,2024,Natasha Ostaff,member,Executive Council Office,0
natasha phillips|deputy sheriff|justice and public safety,1,2018,2018,Natasha Phillips,Deputy Sheriff,Justice and Public Safety,0
nathalie boivin|member|health,2,2015,2018,Nathalie Boivin,member,Health,3
nathalie chiasson|chairperson|post-secondary education training and labour,1,2015,2015,Nathalie Chiasson,Chairperson,Post-Secondary Education Training and Labour,0
nathalie chiasson|chair|post-secondary education training and labour,1,2018,2018,Nathalie Chiasson,Chair,Post-Secondary Education Training and Labour,0
"nathalie dubois|member of the board of governors|tourism, heritage and culture",1,2015,2015,Nathalie Dubois,member of the Board of Governors,"Tourism, Heritage and Culture",0
nathalie godbout|alternate chair|health,2,2014,2017,Nathalie Godbout,alternate chair,Health,3
nathalie l. godbout|her majesty's counsel|office of the attorney general,1,2016,2016,Nathalie L. Godbout,Her Majesty's Counsel,Office of the Attorney General,0
nathalie macdonald|ticket reviewer|justice and attorney general; public safety,1,2020,2020,Nathalie MacDonald,ticket reviewer,Justice and Attorney General; Public Safety,0
nathalie savoie|member|executive council office,2,2016,2016,Nathalie Savoie,member,Executive Council Office,0
nathan bell|deputy sheriff|justice,1,2015,2015,Nathan Bell,Deputy Sheriff,Justice,0
nathan landry|deputy sheriff|justice,1,2014,2014,Nathan Landry,Deputy Sheriff,Justice,0
"neil a. vibert|member|tourism, heritage and culture",1,2022,2022,Neil A. Vibert,member,"Tourism, Heritage and Culture",0
neil clements|occupational health and safety officer|post-secondary education training and labour,1,2016,2016,Neil Clements,Occupational Health and Safety Officer,Post-Secondary Education Training and Labour,0
neil orchard|returning officer|executive council office,1,2017,2017,Neil Orchard,Returning Officer,Executive Council Office,0
neil vibert|member|justice and public safety,1,2020,2020,Neil Vibert,member,Justice and Public Safety,0
neil vibert|member|post-secondary education training and labour,1,2021,2021,Neil Vibert,member,Post-Secondary Education Training and Labour,0
nelly dennene|member|executive council office,1,2018,2018,Nelly Dennene,member,Executive Council Office,0
nelson hébert|coroner|public safety,1,2019,2019,Nelson Hébert,Coroner,Public Safety,0
new brunswick aboriginal people’s council|member organization|executive council office,1,2019,2019,New Brunswick Aboriginal People’s Council,member organization,Executive Council Office,0
new brunswick multicultural association|member organization|executive council office,1,2019,2019,New Brunswick Multicultural Association,member organization,Executive Council Office,0
nicholas ganong|member of the board of directors|government services,1,2015,2015,Nicholas Ganong,Member of the Board of Directors,Government Services,0
nicholas ganong|member of the board of directors|post-secondary education training and labour,1,2017,2017,Nicholas Ganong,member of the Board of Directors,Post-Secondary Education Training and Labour,0
nick taggart|member|executive council office,1,2021,2021,Nick Taggart,member,Executive Council Office,0
nick taggart|member|office of the premier,1,2019,2019,Nick Taggart,member,Office of the Premier,0
nicole angers|provincial court judge|justice and attorney general,1,2019,2019,Nicole Angers,Provincial Court Judge,Justice and Attorney General,0
nicole gionet|member of the board of governors|post-secondary education training and labour,1,2023,2023,Nicole Gionet,member of the Board of Governors,Post-Secondary Education Training and Labour,0
nicole hachey|coroner|justice and public safety,1,2017,2017,Nicole Hachey,coroner,Justice and Public Safety,0
nicole hachey|coroner|public safety,1,2014,2014,Nicole Hachey,coroner,Public Safety,0
nicole logan-demerchant|lay representative|health,1,2014,2014,Nicole Logan-DeMerchant,lay representative,Health,0
nicole mckenna|occupational health and safety officer|post-secondary education training and labour,1,2015,2015,Nicole McKenna,Occupational Health and Safety Officer,Post-Secondary Education Training and Labour,0
nicole picot|deputy minister of finance|executive council office,1,2016,2016,Nicole Picot,Deputy Minister of Finance,Executive Council Office,0
nicole picot|interim member|energy and resource development; finance,1,2017,2017,Nicole Picot,interim member,Energy and Resource Development; Finance,0
nicole poirier|her majesty's counsel|justice and attorney general,1,2013,2013,Nicole Poirier,Her Majesty's Counsel,Justice and Attorney General,0
nicole savoie|deputy sheriff|justice,1,2014,2014,Nicole Savoie,Deputy Sheriff,Justice,0
nicole smith|residential tenancies officer|service new brunswick,1,2018,2018,Nicole Smith,residential tenancies officer,Service New Brunswick,0
nicole vienneau|lay representative to the discipline committee|health,1,2019,2019,Nicole Vienneau,lay representative to the Discipline Committee,Health,0
noeila hebert|member representing the miramichi region|office of the premier,1,2016,2016,NoeIla Hebert,member representing the Miramichi Region,Office of the Premier,0
noeila hebert|member|office of the premier,1,2017,2017,NoeIla Hebert,member,Office of the Premier,0
"noel milliea|member|tourism, heritage and culture",1,2022,2022,Noel Milliea,member,"Tourism, Heritage and Culture",0
noella richard|member|executive council office,1,2017,2017,Noella Richard,member,Executive Council Office,0
"norah mallory|member of the board of governors|tourism, heritage and culture",1,2017,2017,Norah Mallory,Member of the Board of Governors,"Tourism, Heritage and Culture",0
"norah mallory|member|tourism, heritage and culture",1,2014,2014,Norah Mallory,member,"Tourism, Heritage and Culture",0
norelice mboutou|member|intergovernmental affairs,1,2024,2024,Norelice Mboutou,member,Intergovernmental Affairs,0
norma kelly|member|finance and treasury board,1,2019,2019,Norma Kelly,member,Finance and Treasury Board,0
norma mcgraw|chair of the family income security appeal board|social development,1,2015,2015,Norma McGraw,Chair of the Family Income Security Appeal Board,Social Development,0
norman betts|director|energy and mines,1,2015,2015,Norman Betts,director,Energy and Mines,0
norman betts|vice-chair|energy and mines,1,2015,2015,Norman Betts,Vice-Chair,Energy and Mines,0
norman bosse|child and youth advocate|executive council office,1,2013,2013,Norman Bosse,Child and Youth Advocate,Executive Council Office,0
"norman bossé|acting child, youth and senior advocate|executive council office",1,2021,2021,Norman Bossé,"Acting Child, Youth and Senior Advocate",Executive Council Office,0
norman brown|deputy sheriff|justice,1,2014,2014,Norman Brown,Deputy Sheriff,Justice,0
normand pelletier|deputy sheriff|justice,1,2014,2014,Normand Pelletier,Deputy Sheriff,Justice,0
noélla hébert|members|office of the premier,1,2013,2013,Noélla Hébert,members,Office of the Premier,0
noélla hébert|member|office of the premier,1,2017,2017,Noélla Hébert,member,Office of the Premier,0
noélla richard|member|executive council office,1,2018,2018,Noélla Richard,member,Executive Council Office,0
nurse practitioners|medical staff|health,1,2016,2016,nurse practitioners,medical staff,Health,0
o'neil arseneau|municipal returning officer|elections new brunswick,2,2015,2019,O'Neil Arseneau,municipal returning officer,Elections New Brunswick,4
o'neil arseneau|returning officer|executive council office,2,2017,2019,O'Neil Arseneau,Returning Officer,Executive Council Office,2
obioma k. ozumba|alternate member (psychiatrist)|health,1,2018,2018,Obioma K. Ozumba,alternate member (psychiatrist),Health,0
omorodion omokheyeke|member of the board of directors|new brunswick housing corporation,1,2023,2023,Omorodion Omokheyeke,member of the Board of Directors,New Brunswick Housing Corporation,0
"oneil e. ouellet|member|agriculture, aquaculture and fisheries",1,2014,2014,Oneil E. Ouellet,member,"Agriculture, Aquaculture and Fisheries",0
oral and maxillofacial surgeons|medical staff|health,1,2016,2016,oral and maxillofacial surgeons,medical staff,Health,0
oscar masimengo|deputy sheriff|justice,1,2014,2014,Oscar Masimengo,Deputy Sheriff,Justice,0
owen anthony|deputy sheriff|justice and public safety,1,2017,2017,Owen Anthony,Deputy Sheriff,Justice and Public Safety,0
o’neil arseneau|returning officer|elections new brunswick,1,2013,2013,O’Neil Arseneau,Returning Officer,Elections New Brunswick,0
pam gagnon|member of the board of directors|education and early childhood development,1,2014,2014,Pam Gagnon,member of the Board of Directors,Education and Early Childhood Development,0
"pamela bourque|clerk of the court of king’s bench ~— trial division, clerk of the probate court|justice and public safety",1,2024,2024,Pamela Bourque,"Clerk of the Court of King’s Bench ~— Trial Division, Clerk of the Probate Court",Justice and Public Safety,0
pamela guitard|appointment member|post-secondary education training and labour,1,2019,2019,Pamela Guitard,appointment member,Post-Secondary Education Training and Labour,0
pamela guitard|member representing appointments|post-secondary education training and labour,1,2022,2022,Pamela Guitard,member representing appointments,Post-Secondary Education Training and Labour,0
pamela guitard|representative of appointments|post-secondary education training and labour,1,2013,2013,Pamela Guitard,representative of appointments,Post-Secondary Education Training and Labour,0
pamela jane barry|board of governors as a person nominated by the board|post-secondary education training and labour,1,2017,2017,Pamela Jane Barry,Board of Governors as a person nominated by the Board,Post-Secondary Education Training and Labour,0
pamela jane barry|board of governors|post-secondary education training and labour,1,2016,2016,Pamela Jane Barry,Board of Governors,Post-Secondary Education Training and Labour,0
pamela trites|member|service new brunswick,1,2013,2013,Pamela Trites,Member,Service New Brunswick,0
pat finnigan|member of the executive council|executive council office,1,2024,2024,Pat Finnigan,member of the Executive Council,Executive Council Office,0
"pat finnigan|minister of agriculture, aquaculture and fisheries|executive council office",1,2024,2024,Pat Finnigan,"Minister of Agriculture, Aquaculture and Fisheries",Executive Council Office,0
patrice ouellette|deputy sheriff|justice,1,2014,2014,Patrice Ouellette,Deputy Sheriff,Justice,0
patricia brown-mackenzie|acting secretary to cabinet and acting deputy minister of policy and legislative affairs|executive council office,1,2020,2020,Patricia Brown-MacKenzie,Acting Secretary to Cabinet and Acting Deputy Minister of Policy and Legislative Affairs,Executive Council Office,0
patricia brown-mackenzie|deputy clerk of the executive council|executive council office,1,2017,2017,Patricia Brown-MacKenzie,Deputy Clerk of the Executive Council,Executive Council Office,0
patricia gallagher|vice-chair|environment and local government,1,2017,2017,Patricia Gallagher,Vice-Chair,Environment and Local Government,0
patricia leblanc-bird|member|finance,1,2013,2013,Patricia LeBlanc-Bird,member,Finance,0
patricia morris|member organization representative|women's equality,1,2024,2024,Patricia Morris,Member Organization Representative,Women's Equality,0
patricia morris|member|executive council office,1,2018,2018,Patricia Morris,Member,Executive Council Office,0
patricia o'dell|public member|health,3,2013,2019,Patricia O'Dell,public member,Health,6
patricia price|returning officer|executive council office,1,2017,2017,Patricia Price,Returning Officer,Executive Council Office,0
patricia seaman|member|natural resources and energy development,1,2024,2024,Patricia Seaman,member,Natural Resources and Energy Development,0
patricia sirois|member|social development,1,2017,2017,Patricia Sirois,member,Social Development,0
patricia thomas-arsenault|member|post-secondary education training and labour,1,2019,2019,Patricia Thomas-Arsenault,member,Post-Secondary Education Training and Labour,0
patrick arseneault|deputy sheriff|justice and public safety,1,2017,2017,Patrick Arseneault,Deputy Sheriff,Justice and Public Safety,0
patrick brogan|deputy sheriff|justice,1,2014,2014,Patrick Brogan,Deputy Sheriff,Justice,0
patrick c. lynch|returning officer|executive council office,1,2019,2019,Patrick C. Lynch,Returning Officer,Executive Council Office,0
patrick crawford|deputy sheriff|justice,1,2014,2014,Patrick Crawford,Deputy Sheriff,Justice,0
patrick durepos|member of the board of directors|finance; new brunswick liquor corporation,1,2013,2013,Patrick Durepos,member of the Board of Directors,Finance; New Brunswick Liquor Corporation,0
patrick ervin|member|energy and mines,1,2013,2013,Patrick Ervin,member,Energy and Mines,0
patrick francis|member of the board of directors|finance,1,2014,2014,Patrick Francis,member of the Board of Directors,Finance,0
patrick lacroix|member of the board of governors|post-secondary education training and labour,1,2015,2015,Patrick Lacroix,member of the Board of Governors,Post-Secondary Education Training and Labour,0
patrick lacroix|member|post-secondary education training and labour,1,2018,2018,Patrick Lacroix,member,Post-Secondary Education Training and Labour,0
patrick losier|chair|office of the premier,1,2022,2022,Patrick Losier,Chair,Office of the Premier,0
patrick losier|member|executive council office,1,2021,2021,Patrick Losier,member,Executive Council Office,0
patrick losier|member|office of the premier,1,2019,2019,Patrick Losier,member,Office of the Premier,0
patrick mccaffrey|returning officer|elections new brunswick,1,2018,2018,Patrick McCaffrey,Returning Officer,Elections New Brunswick,0
patrick oland|director|natural resources and energy development,1,2024,2024,Patrick Oland,Director,Natural Resources and Energy Development,0
patrick parent|president|finance and treasury board,1,2019,2019,Patrick Parent,President,Finance and Treasury Board,0
patrick windle|deputy registrar general of land titles|government services,1,2013,2013,Patrick Windle,Deputy Registrar General of Land Titles,Government Services,0
patrick windle|director|service new brunswick,1,2015,2015,Patrick Windle,Director,Service New Brunswick,0
patrick windle|registrar of partnerships and business names|service new brunswick,1,2015,2015,Patrick Windle,Registrar of Partnerships and Business Names,Service New Brunswick,0
patti nason|municipal returning officer|elections new brunswick,2,2015,2019,Patti Nason,municipal returning officer,Elections New Brunswick,4
patti nason|returning officer|elections new brunswick,1,2013,2013,Patti Nason,Returning Officer,Elections New Brunswick,0
pau! saulnier|member of the board of governors|post-secondary education training and labour,1,2024,2024,Pau! Saulnier,member of the Board of Governors,Post-Secondary Education Training and Labour,0
paul b. demerchant|member representing region eleven|environment and local government,1,2014,2014,Paul B. DeMerchant,Member representing Region Eleven,Environment and Local Government,0
paul bowman|member|health,2,2019,2020,Paul Bowman,Member,Health,1
"paul chiasson|member representing the new brunswick milk dealers association|agriculture, aquaculture and fisheries",1,2018,2018,Paul Chiasson,member representing the New Brunswick Milk Dealers Association,"Agriculture, Aquaculture and Fisheries",0
"paul chiasson|member|agriculture, aquaculture and fisheries",1,2023,2023,Paul Chiasson,member,"Agriculture, Aquaculture and Fisheries",0
paul demerchant|member|environment and local government,1,2017,2017,Paul DeMerchant,member,Environment and Local Government,0
paul doiron|deputy sheriff|justice,1,2014,2014,Paul Doiron,Deputy Sheriff,Justice,0
paul doiron|deputy sheriff|justice and attorney general,1,2013,2013,Paul Doiron,Deputy Sheriff,Justice and Attorney General,0
paul d’astous|chief of staff and deputy minister|executive council office,1,2023,2023,Paul D’Astous,Chief of Staff and Deputy Minister,Executive Council Office,0
paul elliot|board of governors as a person nominated by the board|post-secondary education training and labour,1,2017,2017,Paul Elliot,Board of Governors as a person nominated by the Board,Post-Secondary Education Training and Labour,0
paul elliot|member|post-secondary education training and labour,1,2014,2014,Paul Elliot,member,Post-Secondary Education Training and Labour,0
paul f. mccarthy|coroner|justice and public safety,1,2017,2017,Paul F. McCarthy,coroner,Justice and Public Safety,0
paul f. mccarthy|coroner|public safety,2,2014,2020,Paul F. McCarthy,coroner,Public Safety,6
"paul fudge|member|agriculture, aquaculture and fisheries",1,2018,2018,Paul Fudge,Member,"Agriculture, Aquaculture and Fisheries",0
paul g. chiasson|member|environment and local government,1,2024,2024,Paul G. Chiasson,member,Environment and Local Government,0
paul hachey|member|environment and local government,1,2013,2013,Paul Hachey,member,Environment and Local Government,0
paul jordan|provincial planning director|environment and local government,1,2019,2019,Paul Jordan,Provincial Planning Director,Environment and Local Government,0
"paul jordan|vice-chair|agriculture, aquaculture and fisheries",1,2018,2018,Paul Jordan,Vice-Chair,"Agriculture, Aquaculture and Fisheries",0
paul leblanc|returning officer|executive council office,1,2017,2017,Paul LeBlanc,Returning Officer,Executive Council Office,0
paul leger|public member|health,1,2013,2013,Paul Leger,public member,Health,0
paul levesque|member of the board of directors|post-secondary education training and labour,1,2017,2017,Paul Levesque,member of the Board of Directors,Post-Secondary Education Training and Labour,0
paul levesque|member of the board of directors|social development,1,2022,2022,Paul Levesque,member of the Board of Directors,Social Development,0
paul martin|auditor general|executive council office,1,2021,2021,Paul Martin,Auditor General,Executive Council Office,0
paul martin|comptroller|finance,1,2014,2014,Paul Martin,Comptroller,Finance,0
paul matheson|returning officer|executive council office,1,2017,2017,Paul Matheson,Returning Officer,Executive Council Office,0
paul mazerolle|president|office of the premier,2,2018,2023,Paul Mazerolle,President,Office of the Premier,5
paul mccoy|director|energy and mines,1,2015,2015,Paul McCoy,director,Energy and Mines,0
paul mccoy|director|energy and resource development,1,2019,2019,Paul McCoy,Director,Energy and Resource Development,0
paul mccoy|director|natural resources and energy development,2,2020,2024,Paul McCoy,director,Natural Resources and Energy Development,4
paul morrison|member of the board of governors|post-secondary education training and labour,1,2016,2016,Paul Morrison,member of the Board of Governors,Post-Secondary Education Training and Labour,0
paul morrison|member|post-secondary education training and labour,1,2013,2013,Paul Morrison,member,Post-Secondary Education Training and Labour,0
paul orser|member|natural resources and energy development,1,2022,2022,Paul Orser,member,Natural Resources and Energy Development,0
paul palmer|member|service new brunswick,1,2013,2013,Paul Palmer,Member,Service New Brunswick,0
paul robichaud|director|executive council office,1,2013,2013,Paul Robichaud,director,Executive Council Office,0
paul robichaud|minister of natural resources|executive council office,1,2013,2013,Paul Robichaud,Minister of Natural Resources,Executive Council Office,0
paul robichaud|vice-chairperson|executive council office,1,2013,2013,Paul Robichaud,Vice-Chairperson,Executive Council Office,0
paul steeves|deputy chief residential tenancies officer|service new brunswick,1,2021,2021,Paul Steeves,Deputy Chief Residential Tenancies Officer,Service New Brunswick,0
paul steeves|residential tenancies officer|service new brunswick,1,2021,2021,Paul Steeves,Residential Tenancies Officer,Service New Brunswick,0
paul van iderstine|chair|finance and treasury board,1,2023,2023,Paul Van iderstine,Chair,Finance and Treasury Board,0
paul van iderstine|member|finance and treasury board,1,2021,2021,Paul Van Iderstine,member,Finance and Treasury Board,0
paul van lderstine|member|finance and treasury board,1,2019,2019,Paul Van lderstine,member,Finance and Treasury Board,0
"paul-emile soucy|member|agriculture, aquaculture and fisheries",1,2018,2018,Paul-Emile Soucy,Member,"Agriculture, Aquaculture and Fisheries",0
paula richard|coroners|justice and public safety,1,2017,2017,Paula Richard,coroners,Justice and Public Safety,0
paula richard|coroner|public safety,1,2013,2013,Paula Richard,coroner,Public Safety,0
paulette richard|member|health,2,2016,2018,Paulette Richard,member,Health,2
paulette robert|member|finance,1,2017,2017,Paulette Robert,member,Finance,0
paulette robert|member|justice and attorney general,1,2013,2013,Paulette Robert,member,Justice and Attorney General,0
paulette sonier rioux|member|executive council office,1,2017,2017,Paulette Sonier Rioux,member,Executive Council Office,0
paulina bolduc|deputy sheriff|justice,1,2015,2015,Paulina Bolduc,Deputy Sheriff,Justice,0
pauline bourque|chair|post-secondary education training and labour,1,2013,2013,Pauline Bourque,Chair,Post-Secondary Education Training and Labour,0
peggy doyle|member|health,2,2016,2018,Peggy Doyle,member,Health,2
peter allaby|member of the board of directors|environment and local government,1,2017,2017,Peter Allaby,member of the Board of Directors,Environment and Local Government,0
peter dignam|member of the board of examiners|energy and resource development,1,2017,2017,Peter Dignam,member of the Board of Examiners,Energy and Resource Development,0
peter j. mccue|secretary of the board of examiners|natural resources,1,2015,2015,Peter J. McCue,Secretary of the Board of Examiners,Natural Resources,0
peter kiervin|coroner|justice and public safety,1,2017,2017,Peter Kiervin,coroner,Justice and Public Safety,0
peter kiervin|coroner|public safety,1,2014,2014,Peter Kiervin,coroner,Public Safety,0
peter m. klohn|chair|justice,1,2013,2013,Peter M. Klohn,Chair,Justice,0
peter macnutt|member|natural resources and energy development,1,2024,2024,Peter MacNutt,member,Natural Resources and Energy Development,0
peter parker|returning officer|executive council office,1,2022,2022,Peter Parker,Returning Officer,Executive Council Office,0
peter smith|member of the board of directors|education and early childhood development,1,2024,2024,Peter Smith,Member of the Board of Directors,Education and Early Childhood Development,0
"peter smith|member, board of directors|education and early childhood development",1,2021,2021,Peter Smith,"Member, Board of Directors",Education and Early Childhood Development,0
peter trask|director|social development,2,2014,2017,Peter Trask,Director,Social Development,3
peter tremblay|deputy sheriff|justice,1,2014,2014,Peter Tremblay,Deputy Sheriff,Justice,0
phil lepage|chairman|executive council office,1,2013,2013,Phil LePage,chairman,Executive Council Office,0
phil lepage|commissioner of municipal affairs|executive council office,1,2013,2013,Phil LePage,Commissioner of Municipal Affairs,Executive Council Office,0
phil lepage|deputy minister of environment and local government|executive council office,1,2013,2013,Phil LePage,Deputy Minister of Environment and Local Government,Executive Council Office,0
phil lepage|member|executive council office,1,2013,2013,Phil LePage,member,Executive Council Office,0
philippe hachey|returning officer|elections new brunswick,1,2013,2013,Philippe Hachey,Returning Officer,Elections New Brunswick,0
philippe lebreton|inspector|public safety,1,2015,2015,Philippe LeBreton,inspector,Public Safety,0
phillip greer|deputy sheriff|justice,1,2015,2015,Phillip Greer,Deputy Sheriff,Justice,0
phyllis cooling|member of the board of governors|post-secondary education training and labour,1,2016,2016,Phyllis Cooling,member of the Board of Governors,Post-Secondary Education Training and Labour,0
phylomene zangio|member|executive council office,1,2017,2017,Phylomene Zangio,member,Executive Council Office,0
phyloméne zangio|member of the judicial council|justice and public safety,1,2021,2021,Phyloméne Zangio,member of the Judicial Council,Justice and Public Safety,0
phyloméne zangio|member|post-secondary education training and labour,1,2022,2022,Phyloméne Zangio,member,Post-Secondary Education Training and Labour,0
pier-paul landry|deputy sheriff|justice,1,2015,2015,Pier-Paul Landry,Deputy Sheriff,Justice,0
pierre arseneault|deputy sheriff|public safety,1,2019,2019,Pierre Arseneault,Deputy Sheriff,Public Safety,0
pierre brine|alternate member|environment and local government,1,2019,2019,Pierre Brine,alternate member,Environment and Local Government,0
pierre castonguay|executive director|justice and public safety,1,2016,2016,Pierre Castonguay,Executive Director,Justice and Public Safety,0
pierre gionet|judge|justice and public safety,1,2024,2024,Pierre Gionet,judge,Justice and Public Safety,0
pierre godin|alternate member|health,1,2015,2015,Pierre Godin,alternate member,Health,0
pierre godin|vice-chair|social development,1,2017,2017,Pierre Godin,Vice-Chair,Social Development,0
pierre lafrance|member of the board of directors|finance; new brunswick liquor corporation,1,2017,2017,Pierre LaFrance,Member of the Board of Directors,Finance; New Brunswick Liquor Corporation,0
pierre leblanc|residential tenancies officer|service new brunswick,1,2021,2021,Pierre Leblanc,Residential Tenancies Officer,Service New Brunswick,0
"pierre mcgraw|member|tourism, heritage and culture",1,2014,2014,Pierre McGraw,member,"Tourism, Heritage and Culture",0
pierre mezetta|representative of the forest industry on the forest audit appeal board|natural resources,1,2014,2014,Pierre Mezetta,representative of the forest industry on the Forest Audit Appeal Board,Natural Resources,0
pierre w. arsenault|chief judge|justice,1,2013,2013,Pierre W. Arsenault,Chief Judge,Justice,0
"pierre-andré fruytier|member of the board|tourism, heritage and culture",1,2022,2022,Pierre-André Fruytier,member of the Board,"Tourism, Heritage and Culture",0
pierrette bouchard|member|post-secondary education training and labour,1,2017,2017,Pierrette Bouchard,member,Post-Secondary Education Training and Labour,0
pierrette hache|coroner|justice and public safety,1,2017,2017,Pierrette Hache,Coroner,Justice and Public Safety,0
pierrette hache|coroner|public safety,1,2020,2020,Pierrette Hache,coroner,Public Safety,0
plen w. dickson|member representing region four|environment and local government,1,2014,2014,Plen W. Dickson,Member representing Region Four,Environment and Local Government,0
prisca levesque|small claims adjudicator|justice and public safety,1,2017,2017,Prisca Levesque,Small Claims Adjudicator,Justice and Public Safety,0
r. scott wilson|member|environment and local government,1,2016,2016,R. Scott Wilson,Member,Environment and Local Government,0
"r. william (bill) adams|member|agriculture, aquaculture and fisheries",1,2013,2013,R. William (Bill) Adams,member,"Agriculture, Aquaculture and Fisheries",0
rachel arseneau-ferguson|member|finance and treasury board,1,2020,2020,Rachel Arseneau-Ferguson,member,Finance and Treasury Board,0
rachel arseneau-ferguson|member|service new brunswick,1,2015,2015,Rachel Arseneau-Ferguson,member,Service New Brunswick,0
rachel bard|nominee of the minister|post-secondary education training and labour,1,2015,2015,Rachel Bard,nominee of the Minister,Post-Secondary Education Training and Labour,0
rachel maillet bard|member of the board of governors|post-secondary education training and labour,1,2018,2018,Rachel Maillet Bard,member of the Board of Governors,Post-Secondary Education Training and Labour,0
rachel richardson|member|post-secondary education training and labour,1,2023,2023,Rachel Richardson,member,Post-Secondary Education Training and Labour,0
rachelle gagnon|chair the board of directors|finance; new brunswick liquor corporation,1,2017,2017,Rachelle Gagnon,Chair the Board of Directors,Finance; New Brunswick Liquor Corporation,0
rachelle gagnon|member of the board of directors|finance; new brunswick liquor corporation,2,2013,2017,Rachelle Gagnon,member of the Board of Directors,Finance; New Brunswick Liquor Corporation,4
rachelle gagnon|member|service new brunswick,1,2015,2015,Rachelle Gagnon,member,Service New Brunswick,0
rachelle gagnon|vice-chair|service new brunswick,1,2015,2015,Rachelle Gagnon,Vice-Chair,Service New Brunswick,0
rachelle standing|deputy registrar|justice and public safety,1,2022,2022,Rachelle Standing,Deputy Registrar,Justice and Public Safety,0
rachelle standing|member of the board of governors|post-secondary education training and labour,1,2016,2016,Rachelle Standing,member of the Board of Governors,Post-Secondary Education Training and Labour,0
ralph bruce fitch|minister of economic development|executive council office,1,2013,2013,Ralph Bruce Fitch,Minister of Economic Development,Executive Council Office,0
ralph forte|member|environment and local government,1,2021,2021,Ralph Forte,member,Environment and Local Government,0
ralph j. currie|coroner|justice and public safety,1,2017,2017,Ralph J. Currie,coroner,Justice and Public Safety,0
ralph j. currie|coroner|public safety,1,2013,2013,Ralph J. Currie,coroner,Public Safety,0
"ralph thomas|member|tourism, heritage and culture",1,2022,2022,Ralph Thomas,member,"Tourism, Heritage and Culture",0
randy dickinson|chair|executive council office,1,2018,2018,Randy Dickinson,Chair,Executive Council Office,0
randy dickinson|member and chair|post-secondary education training and labour,1,2015,2015,Randy Dickinson,member and Chair,Post-Secondary Education Training and Labour,0
randy dickinson|member|post-secondary education training and labour,1,2022,2022,Randy Dickinson,member,Post-Secondary Education Training and Labour,0
raoul boudreau|member|finance and treasury board,1,2021,2021,Raoul Boudreau,member,Finance and Treasury Board,0
raoul boudreau|member|justice,1,2016,2016,Raoul Boudreau,member,Justice,0
raoul charest|returning officer|elections new brunswick,1,2013,2013,Raoul Charest,Returning Officer,Elections New Brunswick,0
raoul gionet|coroner|public safety,1,2019,2019,Raoul Gionet,coroner,Public Safety,0
raoul guemning kamsu|board of governors|post-secondary education training and labour,1,2016,2016,Raoul Guemning Kamsu,Board of Governors,Post-Secondary Education Training and Labour,0
raoul leger|returning officer|elections new brunswick,1,2013,2013,Raoul Leger,Returning Officer,Elections New Brunswick,0
raoul leger|returning officer|executive council office,1,2019,2019,Raoul Leger,Returning Officer,Executive Council Office,0
"ray doiron|member|tourism, heritage and culture",2,2017,2020,Ray Doiron,Member,"Tourism, Heritage and Culture",3
ray travers|deputy sheriff|justice,1,2015,2015,Ray Travers,Deputy Sheriff,Justice,0
raymond austin|deputy sheriff|justice,1,2014,2014,Raymond Austin,Deputy Sheriff,Justice,0
raymond decock|coroner|public safety,1,2019,2019,Raymond Decock,Coroner,Public Safety,0
raymond doiron|member|healthy and inclusive communities,1,2014,2014,Raymond Doiron,member,Healthy and Inclusive Communities,0
"raymond doiron|member|tourism, heritage and culture",1,2022,2022,Raymond Doiron,member,"Tourism, Heritage and Culture",0
raymond e. gallant|returning officer|elections new brunswick,1,2013,2013,Raymond E. Gallant,Returning Officer,Elections New Brunswick,0
raymond gorman|chairperson|energy and resource development,1,2017,2017,Raymond Gorman,Chairperson,Energy and Resource Development,0
raymond murphy|member of the appeal board on teacher certification|education and early childhood development,1,2014,2014,Raymond Murphy,Member of the Appeal Board on Teacher Certification,Education and Early Childhood Development,0
raymond theberge|member and vice-chair of the board of directors|opportunities new brunswick,1,2017,2017,Raymond Theberge,member and Vice-Chair of the Board of Directors,Opportunities New Brunswick,0
raymond theberge|member of the board of directors|economic development,1,2015,2015,Raymond Theberge,Member of the Board of Directors,Economic Development,0
rebecca butler|public representative on the board of directors|health,1,2016,2016,Rebecca Butler,Public Representative on the Board of Directors,Health,0
rebecca deveau crofts|member|post-secondary education training and labour,1,2018,2018,Rebecca Deveau Crofts,member,Post-Secondary Education Training and Labour,0
rebecca deveau crofts|trustee|post-secondary education training and labour,1,2021,2021,Rebecca Deveau Crofts,trustee,Post-Secondary Education Training and Labour,0
"rebecca moffatt|president of the board|tourism, heritage and culture",1,2020,2020,Rebecca Moffatt,President of The Board,"Tourism, Heritage and Culture",0
"rebecca moffitt|member of the board|tourism, heritage and culture",1,2017,2017,Rebecca Moffitt,member of the Board,"Tourism, Heritage and Culture",0
"rebekah nason|member|agriculture, aquaculture and fisheries",1,2021,2021,Rebekah Nason,member,"Agriculture, Aquaculture and Fisheries",0
reggie guay|deputy sheriff|justice,1,2015,2015,Reggie Guay,Deputy Sheriff,Justice,0
rejean boudreau|member|post-secondary education training and labour,1,2020,2020,Rejean Boudreau,member,Post-Secondary Education Training and Labour,0
rejean chiasson|deputy sheriff|justice and public safety,1,2017,2017,Rejean Chiasson,Deputy Sheriff,Justice and Public Safety,0
remi godin|deputy sheriff|justice,1,2015,2015,Remi Godin,Deputy Sheriff,Justice,0
remi goupil|member|post-secondary education training and labour,1,2013,2013,Remi Goupil,member,Post-Secondary Education Training and Labour,0
remi legere|deputy sheriff|justice and public safety,1,2016,2016,Remi Legere,Deputy Sheriff,Justice and Public Safety,0
remi roussel|member|justice and public safety,1,2018,2018,Remi Roussel,member,Justice and Public Safety,0
rena levesque|administrator|justice and public safety,1,2023,2023,Rena Levesque,Administrator,Justice and Public Safety,0
rena levesque|chairperson|justice and public safety,1,2024,2024,Rena Levesque,Chairperson,Justice and Public Safety,0
rena levesque|clerk|justice and public safety,1,2023,2023,Rena Levesque,Clerk,Justice and Public Safety,0
rena levesque|deputy registrar|justice and public safety,1,2023,2023,Rena Levesque,Deputy Registrar,Justice and Public Safety,0
rene boudreau|member|finance and treasury board,1,2020,2020,Rene Boudreau,member,Finance and Treasury Board,0
rene comeau|deputy sheriff|justice,1,2015,2015,Rene Comeau,Deputy Sheriff,Justice,0
rene comeau|lay representative to the board of directors|health,1,2023,2023,Rene Comeau,lay representative to the Board of Directors,Health,0
renee laforest|member of board of directors|finance,1,2015,2015,Renee LaForest,member of board of directors,Finance,0
reno theriault|member of the board of directors|finance,1,2015,2015,Reno Theriault,member of the Board of Directors,Finance,0
rené boudreau|members|economic development,1,2013,2013,René Boudreau,members,Economic Development,0
rené boudreau|member|economic development,1,2014,2014,René Boudreau,Member,Economic Development,0
rené j. basque|her majesty's counsel|justice and attorney general,1,2013,2013,René J. Basque,Her Majesty's Counsel,Justice and Attorney General,0
rené landry|member|post-secondary education training and labour,1,2014,2014,René Landry,member,Post-Secondary Education Training and Labour,0
"rené legacy|chair, member of treasury board|executive council office",1,2024,2024,René Legacy,"Chair, Member of Treasury Board",Executive Council Office,0
rené michel legacy|member of the executive council|executive council office,1,2024,2024,René Michel Legacy,member of the Executive Council,Executive Council Office,0
rené michel legacy|minister of finance and treasury board|executive council office,1,2024,2024,René Michel Legacy,Minister of Finance and Treasury Board,Executive Council Office,0
renée morrison|member|post-secondary education training and labour,1,2022,2022,Renée Morrison,Member,Post-Secondary Education Training and Labour,0
reta carson|returning officer|elections new brunswick,1,2013,2013,Reta Carson,Returning Officer,Elections New Brunswick,0
rheal fournier|returning officer|executive council office,1,2017,2017,Rheal Fournier,Returning Officer,Executive Council Office,0
rhonda connors-losier|member of the board of governors|post-secondary education training and labour,1,2021,2021,Rhonda Connors-Losier,member of the Board of Governors,Post-Secondary Education Training and Labour,0
rhonda connors-losier|returning officer|executive council office,1,2019,2019,Rhonda Connors-Losier,Returning Officer,Executive Council Office,0
richard (dick) isabelle|supervisor|environment and local government,2,2020,2021,Richard (Dick) Isabelle,Supervisor,Environment and Local Government,1
richard a. williams|her majesty's counsel|executive council office,1,2019,2019,Richard A. Williams,Her Majesty's Counsel,Executive Council Office,0
richard ames|member of the executive council|executive council office,1,2023,2023,Richard Ames,member of the Executive Council,Executive Council Office,0
richard ames|member|executive council office,1,2023,2023,Richard Ames,Member,Executive Council Office,0
richard ames|minister of transportation and infrastructure|executive council office,1,2023,2023,Richard Ames,Minister of Transportation and Infrastructure,Executive Council Office,0
richard andrew palmer|provincial court judge|justice,1,2014,2014,Richard Andrew Palmer,Provincial Court Judge,Justice,0
richard ayles|member|environment and local government,1,2019,2019,Richard Ayles,member,Environment and Local Government,0
richard ayles|municipal returning officer|elections new brunswick,1,2019,2019,Richard Ayles,municipal returning officer,Elections New Brunswick,0
richard e. debow|reviewing officer|justice,1,2014,2014,Richard E. DeBow,reviewing officer,Justice,0
richard g. thorne|returning officer|executive council office,1,2019,2019,Richard G. Thorne,Returning Officer,Executive Council Office,0
richard hebert|member of the board of examiners for power engineers|justice and public safety,1,2017,2017,Richard Hebert,member of the Board of Examiners for Power Engineers,Justice and Public Safety,0
richard jones|chairperson|energy efficiency and conservation agency of new brunswick,1,2014,2014,Richard Jones,Chairperson,Energy Efficiency and Conservation Agency of New Brunswick,0
richard levesque|member representing region ten|environment and local government,1,2014,2014,Richard Levesque,Member representing Region Ten,Environment and Local Government,0
richard mackie|municipal returning officer|elections new brunswick,1,2015,2015,Richard Mackie,municipal returning officer,Elections New Brunswick,0
richard mackie|returning officer|executive council office,1,2017,2017,Richard Mackie,Returning Officer,Executive Council Office,0
richard macmillan|appointment member|post-secondary education training and labour,1,2019,2019,Richard MacMillan,appointment member,Post-Secondary Education Training and Labour,0
richard macmillan|member representing appointments|post-secondary education training and labour,2,2022,2022,Richard MacMillan,member representing appointments,Post-Secondary Education Training and Labour,0
richard macmillan|representative of appointments|post-secondary education training and labour,1,2013,2013,Richard MacMillan,representative of appointments,Post-Secondary Education Training and Labour,0
"richard michael doucet|minister of agriculture, aquaculture and fisheries|executive council office",1,2016,2016,Richard Michael Doucet,"Minister of Agriculture, Aquaculture and Fisheries",Executive Council Office,0
"richard michael doucet|minister of economic development and minister of agriculture, aquaculture and fisheries|executive council office",1,2014,2014,Richard Michael Doucet,"Minister of Economic Development and Minister of Agriculture, Aquaculture and Fisheries",Executive Council Office,0
richard oulton|chairperson|justice,1,2014,2014,Richard Oulton,Chairperson,Justice,0
richard roussel|coroner|public safety,1,2013,2013,Richard Roussel,coroner,Public Safety,0
richard smith|members|post-secondary education training and labour,1,2013,2013,Richard Smith,members,Post-Secondary Education Training and Labour,0
richard speight|member|finance,1,2013,2013,Richard Speight,member,Finance,0
richard thorne|municipal returning officer|elections new brunswick,1,2015,2015,Richard Thorne,municipal returning officer,Elections New Brunswick,0
richard thorne|returning officer|elections new brunswick,1,2013,2013,Richard Thorne,Returning Officer,Elections New Brunswick,0
rick doucet|member|board of management,1,2014,2014,Rick Doucet,Member,Board of Management,0
rick doucet|minister of aquaculture and fisheries|executive council office,1,2017,2017,Rick Doucet,Minister of Aquaculture and Fisheries,Executive Council Office,0
rick doucet|minister of energy and resource development|executive council office,1,2016,2016,Rick Doucet,Minister of Energy and Resource Development,Executive Council Office,0
rick hancox|member of the board of governors|post-secondary education training and labour,1,2020,2020,Rick Hancox,member of the Board of Governors,Post-Secondary Education Training and Labour,0
rick nicholson|returning officer|executive council office,1,2020,2020,Rick Nicholson,Returning Officer,Executive Council Office,0
ricky ketch|deputy sheriff|justice,2,2014,2015,Ricky Ketch,Deputy Sheriff,Justice,1
ricky ketch|deputy sheriff|public safety,1,2019,2019,Ricky Ketch,Deputy Sheriff,Public Safety,0
ricky nicholson|coroners|public safety,1,2019,2019,Ricky Nicholson,coroners,Public Safety,0
riley thompson|deputy sheriff|public safety,1,2019,2019,Riley Thompson,Deputy Sheriff,Public Safety,0
rina arsenault|member|health,2,2019,2024,Rina Arsenault,member,Health,5
rina arseneault|member|executive council office,1,2017,2017,Rina Arseneault,member,Executive Council Office,0
rina arseneault|member|health,1,2015,2015,Rina Arseneault,member,Health,0
rino pelletier|returning officer|executive council office,1,2017,2017,Rino Pelletier,Returning Officer,Executive Council Office,0
rino pelletier|supervisor|environment and local government,1,2015,2015,Rino Pelletier,Supervisor,Environment and Local Government,0
rino volpé|chair|health,1,2024,2024,Rino Volpé,Chair,Health,0
rita godin|her majesty's counsel|office of the attorney general,1,2015,2015,Rita Godin,Her Majesty's Counsel,Office of the Attorney General,0
rita labrie|member|health,2,2015,2018,Rita Labrie,member,Health,3
rob taylor|director|executive council office,1,2024,2024,Rob Taylor,Director,Executive Council Office,0
robert a. cloutier|alternate member|environment and local government,1,2016,2016,Robert A. Cloutier,alternate member,Environment and Local Government,0
robert agnew|returning officer|executive council office,1,2017,2017,Robert Agnew,Returning Officer,Executive Council Office,0
robert arsenault|member|environment and local government,2,2019,2023,Robert Arsenault,member,Environment and Local Government,4
robert bastarache|member|justice and public safety,1,2016,2016,Robert Bastarache,member,Justice and Public Safety,0
robert belliveau|acting chief coroner|public safety,1,2019,2019,Robert Belliveau,acting Chief Coroner,Public Safety,0
robert breen|vice-chair|post-secondary education training and labour,1,2018,2018,Robert Breen,Vice-Chair,Post-Secondary Education Training and Labour,0
robert byron trevors|minister of human resources|executive council office,1,2013,2013,Robert Byron Trevors,Minister of Human Resources,Executive Council Office,0
robert charman|small claims adjudicator|justice and public safety,1,2017,2017,Robert Charman,Small Claims Adjudicator,Justice and Public Safety,0
robert d. breen|chairperson|post-secondary education training and labour,1,2013,2013,Robert D. Breen,Chairperson,Post-Secondary Education Training and Labour,0
robert d. breen|vice-chairperson|post-secondary education training and labour,1,2015,2015,Robert D. Breen,Vice-Chairperson,Post-Secondary Education Training and Labour,0
robert eckstein|member|public safety,1,2020,2020,Robert Eckstein,member,Public Safety,0
robert eckstein|part-time member|justice and public safety,1,2018,2018,Robert Eckstein,part-time member,Justice and Public Safety,0
robert frenette|member of the board of governors|post-secondary education training and labour,1,2018,2018,Robert Frenette,member of the Board of Governors,Post-Secondary Education Training and Labour,0
"robert g. landry|president of the board|tourism, heritage and culture",1,2019,2019,Robert G. Landry,President of the Board,"Tourism, Heritage and Culture",0
robert gauvin|member of the executive council|executive council office,1,2024,2024,Robert Gauvin,member of the Executive Council,Executive Council Office,0
robert gauvin|members of the executive council|executive council office,1,2018,2018,Robert Gauvin,members of the Executive Council,Executive Council Office,0
robert gauvin|minister of public safety|executive council office,1,2024,2024,Robert Gauvin,Minister of Public Safety,Executive Council Office,0
"robert gauvin|minister of tourism, heritage and culture|executive council office",1,2018,2018,Robert Gauvin,"Minister of Tourism, Heritage and Culture",Executive Council Office,0
"robert gauvin|vice-chair, member of treasury board|executive council office",1,2024,2024,Robert Gauvin,"Vice-Chair, Member of Treasury Board",Executive Council Office,0
"robert haché|alternate member|agriculture, aquaculture and fisheries",1,2023,2023,Robert Haché,Alternate Member,"Agriculture, Aquaculture and Fisheries",0
robert hooper|small claims adjudicator|justice and public safety,1,2017,2017,Robert Hooper,Small Claims Adjudicator,Justice and Public Safety,0
robert j. kelly|member|environment and local government,1,2013,2013,Robert J. Kelly,member,Environment and Local Government,0
robert j. kelly|vice-chairman|environment and local government,2,2013,2013,Robert J. Kelly,Vice-Chairman,Environment and Local Government,0
robert kierstead|members of the small claims complaints committee panel|justice,1,2014,2014,Robert Kierstead,Members of the Small Claims Complaints Committee Panel,Justice,0
"robert landry|member of the board|tourism, heritage and culture",1,2017,2017,Robert Landry,member of the Board,"Tourism, Heritage and Culture",0
robert m. boudreau|acting chairperson|environment and local government,1,2014,2014,Robert M. Boudreau,Acting Chairperson,Environment and Local Government,0
robert m. creamer|her majesty's counsel|justice,1,2014,2014,Robert M. Creamer,Her Majesty's Counsel,Justice,0
robert macleod|vice chair|economic development,1,2014,2014,Robert MacLeod,Vice Chair,Economic Development,0
robert mcfadden|member|justice,1,2014,2014,Robert McFadden,member,Justice,0
robert mckee|alternate chair|health,1,2017,2017,Robert McKee,Alternate Chair,Health,0
robert mckee|his majesty’s counsel|executive council office,1,2024,2024,Robert McKee,His Majesty’s Counsel,Executive Council Office,0
robert mckee|member of the executive council|executive council office,1,2024,2024,Robert McKee,member of the Executive Council,Executive Council Office,0
robert mckee|minister of justice and attorney general|executive council office,1,2024,2024,Robert McKee,Minister of Justice and Attorney General,Executive Council Office,0
robert mcsorley|member|finance,1,2017,2017,Robert McSorley,member,Finance,0
"robert rioux|chairperson|agriculture, aquaculture and fisheries",1,2013,2013,Robert Rioux,Chairperson,"Agriculture, Aquaculture and Fisheries",0
"robert rioux|deputy minister of tourism, heritage and culture|agriculture, aquaculture and fisheries",2,2014,2014,Robert Rioux,"Deputy Minister of Tourism, Heritage and Culture","Agriculture, Aquaculture and Fisheries",0
"robert rioux|member|agriculture, aquaculture and fisheries",1,2013,2013,Robert Rioux,member,"Agriculture, Aquaculture and Fisheries",0
robert rioux|member|economic development,1,2014,2014,Robert Rioux,Member,Economic Development,0
robert s. hart|coroner|justice and public safety,1,2017,2017,Robert S. Hart,coroner,Justice and Public Safety,0
robert s. hart|coroner|public safety,2,2014,2020,Robert S. Hart,coroner,Public Safety,6
"robert shannon|chairperson|agriculture, aquaculture and fisheries",1,2015,2015,Robert Shannon,Chairperson,"Agriculture, Aquaculture and Fisheries",0
"robert shannon|member representing the department of agriculture, aquaculture and fisheries and chairperson|agriculture, aquaculture and fisheries",1,2018,2018,Robert Shannon,"member representing the Department of Agriculture, Aquaculture and Fisheries and Chairperson","Agriculture, Aquaculture and Fisheries",0
"robert speer|member representing the dairy farmers of new brunswick|agriculture, aquaculture and fisheries",1,2018,2018,Robert Speer,member representing the Dairy Farmers of New Brunswick,"Agriculture, Aquaculture and Fisheries",0
"robert speer|member|agriculture, aquaculture and fisheries",1,2023,2023,Robert Speer,member,"Agriculture, Aquaculture and Fisheries",0
robert taylor|deputy minister of transportation and infrastructure|executive council office,1,2021,2021,Robert Taylor,Deputy Minister of Transportation and Infrastructure,Executive Council Office,0
"robert theriault|member|agriculture, aquaculture and fisheries",1,2013,2013,Robert Theriault,member,"Agriculture, Aquaculture and Fisheries",0
robert trevors|member|environment and local government,1,2021,2021,Robert Trevors,member,Environment and Local Government,0
robert w. hewitson|coroner|justice and public safety,1,2017,2017,Robert W. Hewitson,coroner,Justice and Public Safety,0
robert w. hewitson|coroner|public safety,2,2014,2020,Robert W. Hewitson,coroner,Public Safety,6
robert w. moore|coroner|justice and public safety,1,2017,2017,Robert W. Moore,coroner,Justice and Public Safety,0
robert w. moore|coroner|public safety,2,2014,2020,Robert W. Moore,coroner,Public Safety,6
roberta dugas|member of the board of directors|executive council office,1,2015,2015,Roberta Dugas,Member of the Board of Directors,Executive Council Office,0
roberta dugas|member of the board of directors|service new brunswick,1,2018,2018,Roberta Dugas,Member of the Board of Directors,Service New Brunswick,0
roberto dallaire|deputy sheriff|public safety,1,2019,2019,Roberto Dallaire,Deputy Sheriff,Public Safety,0
roberto sgrosso|member|environment and local government,1,2021,2021,Roberto Sgrosso,Member,Environment and Local Government,0
robyn tingley|member of the board of governors|post-secondary education training and labour,2,2015,2021,Robyn Tingley,member of the Board of Governors,Post-Secondary Education Training and Labour,6
robyn tingley|member|post-secondary education training and labour,1,2018,2018,Robyn Tingley,member,Post-Secondary Education Training and Labour,0
robynn macdonald|member|post-secondary education training and labour,1,2023,2023,Robynn MacDonald,member,Post-Secondary Education Training and Labour,0
roch fournier|member|public safety,1,2013,2013,Roch Fournier,member,Public Safety,0
rockland matchett|board member|post-secondary education training and labour,1,2013,2013,Rockland Matchett,Board Member,Post-Secondary Education Training and Labour,0
rodney curtis|deputy sheriff|justice,1,2014,2014,Rodney Curtis,Deputy Sheriff,Justice,0
rodney doucet|deputy sheriff|justice,1,2014,2014,Rodney Doucet,Deputy Sheriff,Justice,0
rodrique michaud|deputy sheriff|justice,1,2015,2015,Rodrique Michaud,Deputy Sheriff,Justice,0
roger caissie|worker's advocate|post-secondary education training and labour,1,2015,2015,Roger Caissie,Worker's Advocate,Post-Secondary Education Training and Labour,0
roger clinch|chief of staff and deputy minister of the office of the premier|executive council office,1,2013,2013,Roger Clinch,Chief of Staff and Deputy Minister of the Office of the Premier,Executive Council Office,0
roger gagnon|employer's advocate|post-secondary education training and labour,1,2018,2018,Roger Gagnon,Employer's Advocate,Post-Secondary Education Training and Labour,0
roger gagnon|worker's advocate|post-secondary education training and labour,2,2015,2017,Roger Gagnon,Worker's Advocate,Post-Secondary Education Training and Labour,2
roger j. ouellette|commissioner|executive council office,1,2022,2022,Roger J. Ouellette,commissioner,Executive Council Office,0
roger luc melanson|minister of finance and minister of transportation and infrastructure|executive council office,1,2014,2014,Roger Luc Melanson,Minister of Finance and Minister of Transportation and Infrastructure,Executive Council Office,0
roger léger|member and chairperson|health,2,2019,2022,Roger Léger,member and chairperson,Health,3
roger martin|representative of the non-profit sector|healthy and inclusive communities,1,2013,2013,Roger Martin,representative of the non-profit sector,Healthy and Inclusive Communities,0
roger martin|vice-chair|healthy and inclusive communities,1,2014,2014,Roger Martin,Vice-Chair,Healthy and Inclusive Communities,0
roger melanson|acting minister of energy and resource development|executive council office,1,2018,2018,Roger Melanson,Acting Minister of Energy and Resource Development,Executive Council Office,0
"roger melanson|chair, member|executive council office",1,2017,2017,Roger Melanson,"Chair, Member",Executive Council Office,0
roger melanson|chairperson|board of management,1,2014,2014,Roger Melanson,Chairperson,Board of Management,0
roger melanson|chair|executive council office,3,2016,2018,Roger Melanson,Chair,Executive Council Office,2
roger melanson|minister of post-secondary education|executive council office,2,2017,2018,Roger Melanson,Minister of Post-Secondary Education,Executive Council Office,1
roger melanson|president of treasury board|executive council office,2,2016,2018,Roger Melanson,President of Treasury Board,Executive Council Office,2
roger nesbitt|member of the appeal board on teacher certification|education and early childhood development,1,2014,2014,Roger Nesbitt,Member of the Appeal Board on Teacher Certification,Education and Early Childhood Development,0
roger nesbitt|member representing the public|education and early childhood development,1,2024,2024,Roger Nesbitt,member representing the public,Education and Early Childhood Development,0
roger pelletier|member|public safety,1,2020,2020,Roger Pelletier,member,Public Safety,0
roger senechal|members of the family income security appeal board|social development,1,2020,2020,Roger Senechal,members of the Family Income Security Appeal Board,Social Development,0
roger senechal|member|social development,1,2018,2018,Roger Senechal,member,Social Development,0
roger sénéchal|member|social development,1,2023,2023,Roger Sénéchal,Member,Social Development,0
"roger wade croker|member|agriculture, aquaculture and fisheries",1,2013,2013,Roger Wade Croker,member,"Agriculture, Aquaculture and Fisheries",0
roland cormier|member|finance,1,2018,2018,Roland Cormier,member,Finance,0
roland cormier|vice-chair of the board of directors|service new brunswick,1,2018,2018,Roland Cormier,Vice-Chair of the Board of Directors,Service New Brunswick,0
roland t. cormier|member of the board of directors|service new brunswick,1,2016,2016,Roland T. Cormier,member of the Board of Directors,Service New Brunswick,0
roland t. cormier|member|service new brunswick,1,2015,2015,Roland T. Cormier,member,Service New Brunswick,0
rolland gagnon|member|environment and local government,1,2013,2013,Rolland Gagnon,member,Environment and Local Government,0
ron berry|returning officer|elections new brunswick,1,2013,2013,Ron Berry,Returning Officer,Elections New Brunswick,0
ron buck|member of the appeal board on teacher certification|education and early childhood development,1,2014,2014,Ron Buck,Member of the Appeal Board on Teacher Certification,Education and Early Childhood Development,0
ron caron|coroners|justice and public safety,1,2017,2017,Ron Caron,coroners,Justice and Public Safety,0
ron caron|coroner|public safety,1,2015,2015,Ron Caron,coroner,Public Safety,0
ron daigle|member|environment and local government,1,2017,2017,Ron Daigle,member,Environment and Local Government,0
ronald cormier|chair|public safety,2,2015,2015,Ronald Cormier,Chair,Public Safety,0
ronald crawford|deputy sheriff|justice,1,2015,2015,Ronald Crawford,Deputy Sheriff,Justice,0
ronald mckeeman|deputy sheriff|justice,1,2014,2014,Ronald McKeeman,Deputy Sheriff,Justice,0
ronnie arseneau|member of the board of directors|new brunswick housing corporation,1,2023,2023,Ronnie Arseneau,member of the Board of Directors,New Brunswick Housing Corporation,0
rosemary losier|chairs|health,1,2019,2019,Rosemary Losier,Chairs,Health,0
rosemary losier|chair|health,1,2016,2016,Rosemary Losier,Chair,Health,0
"rosemary losier|member and chair for the south, zone 7|health",1,2013,2013,Rosemary Losier,"member and chair for the South, Zone 7",Health,0
ross wetmore|members of the executive council|executive council office,1,2018,2018,Ross Wetmore,members of the Executive Council,Executive Council Office,0
ross wetmore|member|executive council office,1,2018,2018,Ross Wetmore,member,Executive Council Office,0
"ross wetmore|minister of agriculture, aquaculture and fisheries|executive council office",1,2019,2019,Ross Wetmore,"Minister of Agriculture, Aquaculture and Fisheries",Executive Council Office,0
roxanne fairweather|chair of the board of directors|economic development,1,2015,2015,Roxanne Fairweather,Chair of the Board of Directors,Economic Development,0
roxanne fairweather|member and chair of the board of directors|opportunities new brunswick,1,2017,2017,Roxanne Fairweather,member and Chair of the Board of Directors,Opportunities New Brunswick,0
roxanne fairweather|member of the board of directors|economic development,1,2015,2015,Roxanne Fairweather,Member of the Board of Directors,Economic Development,0
roy therrien|members|justice and attorney general,1,2013,2013,Roy Therrien,members,Justice and Attorney General,0
russell kelly|deputy sheriff|justice,1,2014,2014,Russell Kelly,Deputy Sheriff,Justice,0
russell morrison|deputy sheriff|justice,1,2014,2014,Russell Morrison,Deputy Sheriff,Justice,0
ruth lyons|public member|health,2,2015,2018,Ruth Lyons,Public Member,Health,3
ryan bourgeois|member of the board of directors|natural resources and energy development,1,2022,2022,Ryan Bourgeois,member of the Board of Directors,Natural Resources and Energy Development,0
ryan court|deputy sheriff|justice,2,2014,2015,Ryan Court,Deputy Sheriff,Justice,1
ryan donaghy|acting deputy minister of local government and local governance reform|executive council office,1,2020,2020,Ryan Donaghy,Acting Deputy Minister of Local Government and Local Governance Reform,Executive Council Office,0
ryan donaghy|chairman of the municipal capital borrowing board|executive council office,1,2020,2020,Ryan Donaghy,Chairman of the Municipal Capital Borrowing Board,Executive Council Office,0
ryan donaghy|commissioner of municipal affairs|executive council office,1,2020,2020,Ryan Donaghy,Commissioner of Municipal Affairs,Executive Council Office,0
ryan donaghy|deputy minister of education and early childhood development (anglophone)|executive council office,1,2023,2023,Ryan Donaghy,Deputy Minister of Education and Early Childhood Development (Anglophone),Executive Council Office,0
ryan donaghy|member and vice-chairman|environment and local government,1,2018,2018,Ryan Donaghy,member and vice-chairman,Environment and Local Government,0
ryan durdan|deputy sheriff|justice,1,2014,2014,Ryan Durdan,Deputy Sheriff,Justice,0
ryan martin|deputy sheriff|justice,1,2015,2015,Ryan Martin,Deputy Sheriff,Justice,0
ryan wallace|deputy sheriff|public safety,1,2019,2019,Ryan Wallace,Deputy Sheriff,Public Safety,0
réjean boudreau|member of the board of governors|post-secondary education training and labour,1,2023,2023,Réjean Boudreau,member of the Board of Governors,Post-Secondary Education Training and Labour,0
réjean michaud|member|public safety,1,2013,2013,Réjean Michaud,member,Public Safety,0
réjean savoie|member of the executive council|executive council office,1,2022,2022,Réjean Savoie,member of the Executive Council,Executive Council Office,0
réjean savoie|member|executive council office,2,2022,2023,Réjean Savoie,Member,Executive Council Office,1
réjean savoie|minister of indigenous affairs|executive council office,1,2024,2024,Réjean Savoie,Minister of Indigenous Affairs,Executive Council Office,0
s. boyd anderson|member|environment and local government,1,2021,2021,S. Boyd Anderson,member,Environment and Local Government,0
s. boyd anderson|returning officer|elections new brunswick,1,2013,2013,S. Boyd Anderson,Returning Officer,Elections New Brunswick,0
sadie perron|deputy minister of aboriginal affairs|executive council office,1,2020,2020,Sadie Perron,Deputy Minister of Aboriginal Affairs,Executive Council Office,0
sadie perron|deputy minister of economic development and small business|executive council office,1,2020,2020,Sadie Perron,Deputy Minister of Economic Development and Small Business,Executive Council Office,0
"sadie perron|deputy minister of post-secondary education, training and labour|executive council office",1,2019,2019,Sadie Perron,"Deputy Minister of Post-Secondary Education, Training and Labour",Executive Council Office,0
sadie perron|director|executive council office,1,2019,2019,Sadie Perron,Director,Executive Council Office,0
sadie perron|member of the board of governors|post-secondary education training and labour,1,2023,2023,Sadie Perron,member of the Board of Governors,Post-Secondary Education Training and Labour,0
sadie perron|member|executive council office,1,2020,2020,Sadie Perron,Member,Executive Council Office,0
"sadie perron|vice-chair|agriculture, aquaculture and fisheries",1,2018,2018,Sadie Perron,Vice-Chair,"Agriculture, Aquaculture and Fisheries",0
sam harrison|member|office of the premier,1,2019,2019,Sam Harrison,member,Office of the Premier,0
samar shoaib|member of the board of governors|post-secondary education training and labour,1,2023,2023,Samar Shoaib,member of the Board of Governors,Post-Secondary Education Training and Labour,0
samir taleb|alternate member|health,1,2021,2021,Samir Taleb,alternate member,Health,0
sandra clark|municipal returning officer|elections new brunswick,1,2015,2015,Sandra Clark,municipal returning officer,Elections New Brunswick,0
sandra keirstead thorne|returning officer|executive council office,1,2019,2019,Sandra Keirstead Thorne,Returning Officer,Executive Council Office,0
sandrine poulin|member|post-secondary education training and labour,1,2024,2024,Sandrine Poulin,member,Post-Secondary Education Training and Labour,0
sandy bastarache|member|environment and local government,1,2019,2019,Sandy Bastarache,member,Environment and Local Government,0
sandy meikle|member representing the fredericton region|executive council office,1,2013,2013,Sandy Meikle,member representing the Fredericton Region,Executive Council Office,0
sandy meikle|members|office of the premier,1,2013,2013,Sandy Meikle,members,Office of the Premier,0
sandy meikle|member|office of the premier,1,2013,2013,Sandy Meikle,member,Office of the Premier,0
"sandy ward|member, part-time|justice and public safety",1,2021,2021,Sandy Ward,"Member, Part-time",Justice and Public Safety,0
sandy ward|member|justice and public safety,1,2024,2024,Sandy Ward,member,Justice and Public Safety,0
sandy ward|vice-chairperson|justice and public safety,1,2024,2024,Sandy Ward,Vice-Chairperson,Justice and Public Safety,0
sanjay siddhartha|alternate member (psychiatrist)|health,2,2017,2022,Sanjay Siddhartha,Alternate Member (Psychiatrist),Health,5
santina bosca|deputy sheriff|justice,1,2015,2015,Santina Bosca,Deputy Sheriff,Justice,0
santina bosca|deputy sheriff|public safety,1,2019,2019,Santina Bosca,Deputy Sheriff,Public Safety,0
sara jean berry|member|health,2,2016,2019,Sara Jean Berry,member,Health,3
sara young|member and secretary of the municipal capital borrowing board|environment and local government,1,2018,2018,Sara Young,member and secretary of the Municipal Capital Borrowing Board,Environment and Local Government,0
"sarah hébert|clerk of the court of king’s bench - trial division, clerk of the probate court|justice and public safety",1,2024,2024,Sarah Hébert,"Clerk of the Court of King’s Bench - Trial Division, Clerk of the Probate Court",Justice and Public Safety,0
"sarah ketcheson|director|tourism, heritage and culture",1,2023,2023,Sarah Ketcheson,director,"Tourism, Heritage and Culture",0
saras verdam|member|health,1,2015,2015,Saras Verdam,member,Health,0
sarina mckinnon|small claims adjudicator|justice and public safety,1,2017,2017,Sarina McKinnon,Small Claims Adjudicator,Justice and Public Safety,0
satyendra satyanarayana|alternate member (psychiatrist)|health,2,2014,2017,Satyendra Satyanarayana,alternate member (psychiatrist),Health,3
scott brittain|judge|justice and public safety,1,2022,2022,Scott Brittain,judge,Justice and Public Safety,0
scott chedore|member|environment and local government,1,2013,2013,Scott Chedore,member,Environment and Local Government,0
scott chedore|returning officer|elections new brunswick,1,2013,2013,Scott Chedore,Returning Officer,Elections New Brunswick,0
scott clements|member|post-secondary education training and labour,1,2021,2021,Scott Clements,member,Post-Secondary Education Training and Labour,0
scott cowen|fee-for-service coroner|public safety,1,2013,2013,Scott Cowen,fee-for-service coroner,Public Safety,0
scott grant|member of the board of governors|post-secondary education training and labour,1,2023,2023,Scott Grant,member of the Board of Governors,Post-Secondary Education Training and Labour,0
scott grant|member|post-secondary education training and labour,1,2024,2024,Scott Grant,member,Post-Secondary Education Training and Labour,0
scott green|director|social development,1,2018,2018,Scott Green,Director,Social Development,0
scott hamilton|deputy sheriff|justice,1,2015,2015,Scott Hamilton,Deputy Sheriff,Justice,0
scott lloy|member of the municipal capital borrowing board|environment and local government,1,2018,2018,Scott Lloy,member of the Municipal Capital Borrowing Board,Environment and Local Government,0
scott miller|member of the board of directors|justice and attorney general,1,2020,2020,Scott Miller,member of the Board of Directors,Justice and Attorney General,0
scott myles|coroner|justice and public safety,1,2016,2016,Scott Myles,coroner,Justice and Public Safety,0
scott myles|coroner|public safety,1,2019,2019,Scott Myles,Coroner,Public Safety,0
scott northard|director|natural resources and energy development,2,2020,2024,Scott Northard,director,Natural Resources and Energy Development,4
scott toner|chairperson|post-secondary education training and labour,1,2013,2013,Scott Toner,Chairperson,Post-Secondary Education Training and Labour,0
scott toner|member representing employers|post-secondary education training and labour,2,2016,2020,Scott Toner,member representing employers,Post-Secondary Education Training and Labour,4
sean pauley|alternate member|health,1,2023,2023,Sean Pauley,alternate member,Health,0
sebastien a. michaud|her majesty's counsel|executive council office,1,2019,2019,Sebastien A. Michaud,Her Majesty's Counsel,Executive Council Office,0
sebastien cyr|deputy sheriff|public safety,1,2019,2019,Sebastien Cyr,Deputy Sheriff,Public Safety,0
sephora reid|deputy sheriff|public safety,1,2019,2019,Sephora Reid,Deputy Sheriff,Public Safety,0
serge gagnon|president|finance and treasury board,1,2023,2023,Serge Gagnon,President,Finance and Treasury Board,0
serge gauvin|registrar general of land titles and chief registrar of deeds|government services,1,2013,2013,Serge Gauvin,Registrar General of Land Titles and Chief Registrar of Deeds,Government Services,0
serge landry|coroner|public safety,1,2020,2020,Serge Landry,coroner,Public Safety,0
serge laplante|representative of the forest industry on the forest audit appeal board|natural resources,1,2014,2014,Serge Laplante,representative of the forest industry on the Forest Audit Appeal Board,Natural Resources,0
serge laplante|representative of the forest industry|natural resources,1,2013,2013,Serge Laplante,representative of the forest industry,Natural Resources,0
serge rousselle|her majesty's counsel|office of the attorney general,1,2014,2014,Serge Rousselle,Her Majesty's Counsel,Office of the Attorney General,0
serge rousselle|member of the executive council|executive council office,1,2014,2014,Serge Rousselle,member of the Executive Council,Executive Council Office,0
serge rousselle|member|executive council office,3,2016,2017,Serge Rousselle,member,Executive Council Office,1
serge rousselle|minister of education and early childhood development and attorney general|executive council office,2,2014,2014,Serge Rousselle,Minister of Education and Early Childhood Development and Attorney General,Executive Council Office,0
serge rousselle|minister of environment and local government and attorney general|executive council office,1,2016,2016,Serge Rousselle,Minister of Environment and Local Government and Attorney General,Executive Council Office,0
serge rousselle|minister of service new brunswick|executive council office,1,2017,2017,Serge Rousselle,Minister of Service New Brunswick,Executive Council Office,0
serge sirois|occupational health and safety officer|post-secondary education training and labour,1,2016,2016,Serge Sirois,Occupational Health and Safety Officer,Post-Secondary Education Training and Labour,0
sergiy ostashko|member (psychiatrist)|health,2,2016,2019,Sergiy Ostashko,member (psychiatrist),Health,3
sergiy ostashko|psychiatrist member|health,1,2024,2024,Sergiy Ostashko,Psychiatrist Member,Health,0
"seth black|member|agriculture, aquaculture and fisheries",1,2023,2023,Seth Black,member,"Agriculture, Aquaculture and Fisheries",0
shabeer amirali|member|office of the premier,1,2023,2023,Shabeer Amirali,member,Office of the Premier,0
shakara carter|member of the inspection review committee|health,1,2023,2023,Shakara Carter,member of the Inspection Review Committee,Health,0
shanie collin|worker's advocate|post-secondary education training and labour,1,2017,2017,Shanie Collin,Worker's Advocate,Post-Secondary Education Training and Labour,0
shannon doran|her majesty's counsel|office of the attorney general,1,2016,2016,Shannon Doran,Her Majesty's Counsel,Office of the Attorney General,0
shannon farrell|member|health,1,2016,2016,Shannon Farrell,member,Health,0
shannon laity|member|health,1,2020,2020,Shannon Laity,member,Health,0
shannon macdonald|deputy sheriff|justice and public safety,1,2016,2016,Shannon MacDonald,Deputy Sheriff,Justice and Public Safety,0
"shannon merrifield|president of the board|tourism, heritage and culture",1,2017,2017,Shannon Merrifield,President of the Board,"Tourism, Heritage and Culture",0
"shannon wilson|interim deputy minister of tourism, heritage and culture|executive council office",1,2024,2024,Shannon Wilson,"Interim Deputy Minister of Tourism, Heritage and Culture",Executive Council Office,0
shannonbrooke murphy|member|post-secondary education training and labour,1,2023,2023,Shannonbrooke Murphy,member,Post-Secondary Education Training and Labour,0
sharon eagan|members|health,1,2013,2013,Sharon Eagan,members,Health,0
sharon fowler|member|environment and local government,1,2017,2017,Sharon Fowler,Member,Environment and Local Government,0
sharon tucker|chair|social development,1,2021,2021,Sharon Tucker,Chair,Social Development,0
sharon tucker|members of the family income security appeal board|social development,1,2020,2020,Sharon Tucker,members of the Family Income Security Appeal Board,Social Development,0
shauna noel|deputy sheriff|justice and public safety,1,2016,2016,Shauna Noel,Deputy Sheriff,Justice and Public Safety,0
shawn jennings|members|health,1,2013,2013,Shawn Jennings,members,Health,0
shawn jennings|member|health,1,2016,2016,Shawn Jennings,member,Health,0
"shawn mccarthy|board member|tourism, heritage and culture",1,2019,2019,Shawn McCarthy,Board Member,"Tourism, Heritage and Culture",0
shawn mesheau|member of the board of governors|post-secondary education training and labour,1,2023,2023,Shawn Mesheau,member of the Board of Governors,Post-Secondary Education Training and Labour,0
"shawn paget|chair|agriculture, aquaculture and fisheries",1,2021,2021,Shawn Paget,Chair,"Agriculture, Aquaculture and Fisheries",0
"shawn paget|member and chair|agriculture, aquaculture and fisheries",1,2021,2021,Shawn Paget,member and chair,"Agriculture, Aquaculture and Fisheries",0
shawn r. dempsey|her majesty's counsel|justice and public safety,1,2020,2020,Shawn R. Dempsey,Her Majesty's Counsel,Justice and Public Safety,0
shayan faal|member|post-secondary education training and labour,1,2024,2024,Shayan Faal,member,Post-Secondary Education Training and Labour,0
sheila murray|member|environment and local government,2,2015,2018,Sheila Murray,member,Environment and Local Government,3
sheila rogers|member|office of the premier,4,2013,2017,Sheila Rogers,member,Office of the Premier,4
shelby thompson|alternate member|health,1,2023,2023,Shelby Thompson,alternate member,Health,0
shelley clayton|member of the board of directors|social development,1,2017,2017,Shelley Clayton,member of the Board of Directors,Social Development,0
shelley clayton|vice-chair|social development,1,2021,2021,Shelley Clayton,Vice-Chair,Social Development,0
shelley dumouchel|alternate chair|health,3,2015,2024,Shelley Dumouchel,alternate chair,Health,9
shelley dumouchel|commission member|post-secondary education training and labour,1,2020,2020,Shelley Dumouchel,Commission Member,Post-Secondary Education Training and Labour,0
shelley dumouchel|member|post-secondary education training and labour,1,2023,2023,Shelley Dumouchel,member,Post-Secondary Education Training and Labour,0
shelley r. dumouchel|reviewing officer|justice,1,2014,2014,Shelley R. Dumouchel,reviewing officer,Justice,0
shelley r. dumouchel|vice-chairpersons|post-secondary education training and labour,1,2015,2015,Shelley R. Dumouchel,Vice-Chairpersons,Post-Secondary Education Training and Labour,0
shelley rinehart|chair|executive council office,2,2016,2016,Shelley Rinehart,chair,Executive Council Office,0
shelley rinehart|member and chair|executive council office,1,2019,2019,Shelley Rinehart,member and Chair,Executive Council Office,0
"shelley rinehart|member, and chair|executive council office",1,2023,2023,Shelley Rinehart,"member, and Chair",Executive Council Office,0
shelley rinehart|member|executive council office,1,2016,2016,Shelley Rinehart,member,Executive Council Office,0
shelly dauphinee|governor|post-secondary education training and labour,1,2015,2015,Shelly Dauphinee,Governor,Post-Secondary Education Training and Labour,0
shelly pelkey|member|post-secondary education training and labour,1,2013,2013,Shelly Pelkey,member,Post-Secondary Education Training and Labour,0
shelly williams|member|environment and local government,1,2017,2017,Shelly Williams,member,Environment and Local Government,0
shelonie cooley|member|health,1,2021,2021,Shelonie Cooley,member,Health,0
sheree allison|board of governors|post-secondary education training and labour,1,2016,2016,Sheree Allison,Board of Governors,Post-Secondary Education Training and Labour,0
sherrie boyd|member|natural resources and energy development,1,2021,2021,Sherrie Boyd,member,Natural Resources and Energy Development,0
sherry maceachern|members of the family income security appeal board|social development,1,2020,2020,Sherry MacEachern,members of the Family Income Security Appeal Board,Social Development,0
sherry maceachern|member|social development,1,2023,2023,Sherry MacEachern,Member,Social Development,0
sherry wilson|member of the executive council|executive council office,1,2023,2023,Sherry Wilson,member of the Executive Council,Executive Council Office,0
sherry wilson|members of the executive council|executive council office,1,2018,2018,Sherry Wilson,members of the Executive Council,Executive Council Office,0
sherry wilson|member|executive council office,2,2018,2023,Sherry Wilson,member,Executive Council Office,5
sherry wilson|minister of service new brunswick|executive council office,1,2018,2018,Sherry Wilson,Minister of Service New Brunswick,Executive Council Office,0
shirley c. maclean|her majesty's counsel|justice and attorney general,1,2013,2013,Shirley C. MacLean,Her Majesty's Counsel,Justice and Attorney General,0
shirley maclean|chair|health,1,2017,2017,Shirley MacLean,chair,Health,0
shirley mitchell|member representing employers|post-secondary education training and labour,2,2016,2020,Shirley Mitchell,member representing employers,Post-Secondary Education Training and Labour,4
signe b. gurholt|academic staff member|post-secondary education training and labour,1,2013,2013,Signe B. Gurholt,Academic Staff member,Post-Secondary Education Training and Labour,0
simmone belliveau|municipal returning officer|elections new brunswick,1,2015,2015,Simmone Belliveau,municipal returning officer,Elections New Brunswick,0
simonne belliveau|returning officer|executive council office,1,2017,2017,Simonne Belliveau,Returning Officer,Executive Council Office,0
sky perley|member of the board of governors|post-secondary education training and labour,1,2022,2022,Sky Perley,member of the Board of Governors,Post-Secondary Education Training and Labour,0
solange rousseau|coroners|justice and public safety,1,2017,2017,Solange Rousseau,coroners,Justice and Public Safety,0
solange rousseau|coroner|public safety,1,2013,2013,Solange Rousseau,coroner,Public Safety,0
sonia chiasson|student|post-secondary education training and labour,1,2020,2020,Sonia Chiasson,student,Post-Secondary Education Training and Labour,0
sonia levy|deputy sheriff|public safety,1,2019,2019,Sonia Levy,Deputy Sheriff,Public Safety,0
sonia st-pierre|member|finance and treasury board,1,2021,2021,Sonia St-Pierre,member,Finance and Treasury Board,0
sophie caissie cormier|expropriations advisory officer|justice and public safety,1,2021,2021,Sophie Caissie Cormier,Expropriations Advisory Officer,Justice and Public Safety,0
sophie robichaud|alternate chair|health,1,2017,2017,Sophie Robichaud,Alternate Chair,Health,0
sophie robichaud|member of the board of governors|post-secondary education training and labour,1,2023,2023,Sophie Robichaud,member of the Board of Governors,Post-Secondary Education Training and Labour,0
stacey stairs|member of the appeal board on teacher certification|education and early childhood development,1,2014,2014,Stacey Stairs,Member of the Appeal Board on Teacher Certification,Education and Early Childhood Development,0
steeve savoie|member representing the public|education and early childhood development,1,2024,2024,Steeve Savoie,member representing the public,Education and Early Childhood Development,0
steeve savoie|member|education and early childhood development,1,2020,2020,Steeve Savoie,Member,Education and Early Childhood Development,0
stefan decourcey|commissioner|finance,1,2017,2017,Stefan DeCourcey,commissioner,Finance,0
stefan decourcey|member|finance,1,2022,2022,Stefan DeCourcey,member,Finance,0
stefan decourcey|member|finance and treasury board,1,2024,2024,Stefan DeCourcey,member,Finance and Treasury Board,0
stefan decourcey|member|finance; treasury board,1,2019,2019,Stefan Decourcey,member,Finance; Treasury Board,0
stephane hebert|inspector|public safety,1,2015,2015,Stephane Hebert,inspector,Public Safety,0
stephane theriault|director|finance,1,2016,2016,Stephane Theriault,director,Finance,0
stephanie basque|residential tenancies officer|service new brunswick,1,2018,2018,Stephanie Basque,residential tenancies officer,Service New Brunswick,0
stephanie brousse|ticket reviewer|justice and attorney general; public safety,1,2020,2020,Stephanie Brousse,ticket reviewer,Justice and Attorney General; Public Safety,0
"stephanie cormier|member engaged in pedigreed seed trade|agriculture, aquaculture and fisheries",1,2022,2022,Stephanie Cormier,member engaged in pedigreed seed trade,"Agriculture, Aquaculture and Fisheries",0
"stephanie cormier|member|agriculture, aquaculture and fisheries",2,2018,2021,Stephanie Cormier,member,"Agriculture, Aquaculture and Fisheries",3
stephanie hayes wilson|member|natural resources and energy development,1,2022,2022,Stephanie Hayes Wilson,member,Natural Resources and Energy Development,0
stephanie hayes wilson|vice-chairperson|natural resources and energy development,1,2023,2023,Stephanie Hayes Wilson,Vice-Chairperson,Natural Resources and Energy Development,0
stephanie leduc|lay representative|health,1,2023,2023,Stephanie Leduc,lay representative,Health,0
stephanie luce|member of the board of governors|post-secondary education training and labour,1,2019,2019,Stephanie Luce,member of the Board of Governors,Post-Secondary Education Training and Labour,0
stephanie nicholson|occupational health and safety officer|post-secondary education training and labour,1,2020,2020,Stephanie Nicholson,Occupational Health and Safety Officer,Post-Secondary Education Training and Labour,0
"stephanie pelletier|clerk of the court of king's bench of new brunswick - trial division, administrator of the court of king's bench of new brunswick - family division and clerk of the probate court of new brunswick|justice and public safety",1,2024,2024,Stephanie Pelletier,"Clerk of the Court of King's Bench of New Brunswick - Trial Division, Administrator of the Court of King's Bench of New Brunswick - Family Division and Clerk of the Probate Court of New Brunswick",Justice and Public Safety,0
stephanie warren|member of the board of directors|education and early childhood development,2,2016,2018,Stephanie Warren,member of the Board of Directors,Education and Early Childhood Development,2
"stephany peterson|board member|tourism, heritage and culture",1,2019,2019,Stephany Peterson,Board Member,"Tourism, Heritage and Culture",0
stephen alexander|member of the board of directors|environment and local government,1,2013,2013,Stephen Alexander,member of the Board of Directors,Environment and Local Government,0
stephen beatteay|member representing employers|post-secondary education training and labour,1,2022,2022,Stephen Beatteay,member representing employers,Post-Secondary Education Training and Labour,0
"stephen beatteay|member, representing employers|post-secondary education training and labour",1,2019,2019,Stephen Beatteay,"Member, representing employers",Post-Secondary Education Training and Labour,0
stephen beatteay|representative of employers|post-secondary education training and labour,1,2016,2016,Stephen Beatteay,representative of employers,Post-Secondary Education Training and Labour,0
stephen byron horsman|member of the executive council|executive council office,1,2014,2014,Stephen Byron Horsman,member of the Executive Council,Executive Council Office,0
stephen crawford|public member|health,1,2016,2016,Stephen Crawford,public member,Health,0
stephen cullen|health and safety officer|post-secondary education training and labour,1,2017,2017,Stephen Cullen,Health and Safety Officer,Post-Secondary Education Training and Labour,0
stephen doucet|member|environment and local government,1,2017,2017,Stephen Doucet,member,Environment and Local Government,0
stephen fitzpatrick|coroner|justice and public safety,1,2016,2016,Stephen Fitzpatrick,coroner,Justice and Public Safety,0
stephen fitzpatrick|coroner|public safety,1,2019,2019,Stephen Fitzpatrick,Coroner,Public Safety,0
stephen horsman|member|board of management,1,2014,2014,Stephen Horsman,Member,Board of Management,0
stephen horsman|member|executive council office,1,2016,2016,Stephen Horsman,member,Executive Council Office,0
stephen horsman|minister of families and children|executive council office,1,2016,2016,Stephen Horsman,Minister of Families and Children,Executive Council Office,0
stephen j. doucet|alternate chair|health,1,2016,2016,Stephen J. Doucet,alternate chair,Health,0
stephen j. doucet|chairman|health,1,2017,2017,Stephen J. Doucet,Chairman,Health,0
stephen j. doucet|his majesty’s counsel|executive council office,1,2023,2023,Stephen J. Doucet,His Majesty’s Counsel,Executive Council Office,0
"stephen j. doucet|vice-chair, representing the francophone community|education and early childhood development",1,2017,2017,Stephen J. Doucet,"vice-chair, representing the Francophone community",Education and Early Childhood Development,0
stephen j. hutchison|her majesty's counsel|office of the attorney general,1,2016,2016,Stephen J. Hutchison,Her Majesty's Counsel,Office of the Attorney General,0
stephen lund|chairperson|economic development,1,2015,2015,Stephen Lund,Chairperson,Economic Development,0
stephen lund|chief executive officer|opportunities new brunswick,1,2015,2015,Stephen Lund,Chief Executive Officer,Opportunities New Brunswick,0
stephen lund|deputy minister of economic development|executive council office,1,2015,2015,Stephen Lund,Deputy Minister of Economic Development,Executive Council Office,0
stephen lund|member|regional development corporation,1,2015,2015,Stephen Lund,member,Regional Development Corporation,0
stephen manuel|supervisor|environment and local government,2,2024,2024,Stephen Manuel,Supervisor,Environment and Local Government,0
stephen mcdaid|deputy sheriff|justice,1,2014,2014,Stephen McDaid,Deputy Sheriff,Justice,0
stephen purdy|alternate member|environment and local government,1,2023,2023,Stephen Purdy,Alternate Member,Environment and Local Government,0
"stephen smith|member|tourism, heritage and culture",1,2014,2014,Stephen Smith,member,"Tourism, Heritage and Culture",0
"stephene baglole|administrator of the court of king’s bench — family division, clerk of the court of king’s bench - trial division, clerk of the probate court|justice and public safety",1,2024,2024,Stephene Baglole,"Administrator of the Court of King’s Bench — Family Division, Clerk of the Court of King’s Bench - Trial Division, Clerk of the Probate Court",Justice and Public Safety,0
steve gibson|coroner|justice and public safety,1,2017,2017,Steve Gibson,coroner,Justice and Public Safety,0
steve gourdeau|deputy chief residential tenancies officer|service new brunswick,1,2019,2019,Steve Gourdeau,Deputy Chief Residential Tenancies Officer,Service New Brunswick,0
steve gourdeau|residential tenancies officer|service new brunswick,1,2019,2019,Steve Gourdeau,Residential Tenancies Officer,Service New Brunswick,0
steve lambert|board of governors|post-secondary education training and labour,1,2017,2017,Steve Lambert,Board of Governors,Post-Secondary Education Training and Labour,0
steve lambert|member|healthy and inclusive communities,1,2014,2014,Steve Lambert,member,Healthy and Inclusive Communities,0
steve lambert|member|post-secondary education training and labour,2,2013,2020,Steve Lambert,member,Post-Secondary Education Training and Labour,7
steve mcnair|deputy registrar|justice and public safety,1,2024,2024,Steve McNair,Deputy Registrar,Justice and Public Safety,0
steve savoie|member|education and early childhood development,1,2017,2017,Steve Savoie,member,Education and Early Childhood Development,0
steven frits|member|environment and local government,1,2020,2020,Steven Frits,Member,Environment and Local Government,0
steven lambert|member|post-secondary education training and labour,1,2023,2023,Steven Lambert,member,Post-Secondary Education Training and Labour,0
steven p. hawkes|member|environment and local government,1,2013,2013,Steven P. Hawkes,member,Environment and Local Government,0
steven pond|occupational health and safety officer|post-secondary education training and labour,1,2013,2013,Steven Pond,Occupational Health and Safety Officer,Post-Secondary Education Training and Labour,0
steven r. barnett|her majesty's counsel|justice and public safety,1,2020,2020,Steven R. Barnett,Her Majesty's Counsel,Justice and Public Safety,0
stewart c. paul|her majesty's counsel|justice,1,2014,2014,Stewart C. Paul,Her Majesty's Counsel,Justice,0
struan smith|members of the small claims complaints committee panel|justice,1,2014,2014,Struan Smith,Members of the Small Claims Complaints Committee Panel,Justice,0
struan w. smith|vice-chair of the appeal board on teacher certification representing the anglophone community|education and early childhood development,1,2014,2014,Struan W. Smith,Vice-chair of the Appeal Board on Teacher Certification representing the Anglophone community,Education and Early Childhood Development,0
stéphane lizotte|deputy sheriff|justice,1,2014,2014,Stéphane Lizotte,Deputy Sheriff,Justice,0
stéphanie lagace|deputy sheriff|justice,1,2014,2014,Stéphanie Lagace,Deputy Sheriff,Justice,0
stéphanie luce|his majesty’s counsel|justice and public safety,1,2024,2024,Stéphanie Luce,His Majesty’s Counsel,Justice and Public Safety,0
"stéphanie m. cormier|alternate chair of the mental health tribunals for zones 1, 2, 3 and 7 (south)|health",1,2021,2021,Stéphanie M. Cormier,"alternate Chair of the Mental Health Tribunals for zones 1, 2, 3 and 7 (South)",Health,0
sue stultz|member|executive council office,1,2013,2013,Sue Stultz,Member,Executive Council Office,0
susan catherine holt|member of the executive council|executive council office,1,2024,2024,Susan Catherine Holt,member of the Executive Council,Executive Council Office,0
susan catherine holt|premier and president of the executive council|executive council office,1,2024,2024,Susan Catherine Holt,Premier and President of the Executive Council,Executive Council Office,0
susan harley|member|health,2,2019,2022,Susan Harley,member,Health,3
"susan knight|director|tourism, heritage and culture",1,2024,2024,Susan Knight,Director,"Tourism, Heritage and Culture",0
"susan knight|member of the board of directors|tourism, heritage and culture",2,2017,2021,Susan Knight,member of the Board of Directors,"Tourism, Heritage and Culture",4
susan murchison|member|post-secondary education training and labour,1,2014,2014,Susan Murchison,member,Post-Secondary Education Training and Labour,0
susan willis|member representing producers|natural resources and energy development,1,2023,2023,Susan Willis,Member representing producers,Natural Resources and Energy Development,0
susy gallien|member|post-secondary education training and labour,1,2022,2022,Susy Gallien,Member,Post-Secondary Education Training and Labour,0
suzanne bernard|provincial court judge|justice,1,2016,2016,Suzanne Bernard,Provincial Court Judge,Justice,0
"suzanne coulombe|member of the board|tourism, heritage and culture",1,2022,2022,Suzanne Coulombe,member of the Board,"Tourism, Heritage and Culture",0
suzanne gallant|member of the appeal board on teacher certification|education and early childhood development,1,2014,2014,Suzanne Gallant,Member of the Appeal Board on Teacher Certification,Education and Early Childhood Development,0
suzie chenard|member of the board of governors|post-secondary education training and labour,1,2018,2018,Suzie Chenard,member of the Board of Governors,Post-Secondary Education Training and Labour,0
sylvain raymond|member|finance and treasury board,1,2024,2024,Sylvain Raymond,member,Finance and Treasury Board,0
sylvia sargent|member|social development,1,2017,2017,Sylvia Sargent,member,Social Development,0
sylvie benoit-theriault|member of the board of governors|post-secondary education training and labour,1,2017,2017,Sylvie Benoit-Theriault,member of the Board of Governors,Post-Secondary Education Training and Labour,0
sylvie desjardins|rentalsman|service new brunswick,1,2015,2015,Sylvie Desjardins,rentalsman,Service New Brunswick,0
sylvie godin-charest|alternate chair|health,1,2020,2020,Sylvie Godin-Charest,alternate Chair,Health,0
sylvie godin-charest|vice-chair|post-secondary education training and labour,1,2022,2022,Sylvie Godin-Charest,Vice-Chair,Post-Secondary Education Training and Labour,0
sylvie i. michaud|her majesty's counsel|executive council office,1,2019,2019,Sylvie I. Michaud,Her Majesty's Counsel,Executive Council Office,0
sylvie lavoie|member representing francophone teachers|education and early childhood development,1,2024,2024,Sylvie Lavoie,member representing francophone teachers,Education and Early Childhood Development,0
sylvie melanson|alternate member|environment and local government,1,2023,2023,Sylvie Melanson,alternate member,Environment and Local Government,0
sébastien cyr|deputy sheriff|justice,1,2014,2014,Sébastien Cyr,Deputy Sheriff,Justice,0
sébastien fontaine|deputy sheriff|justice,1,2014,2014,Sébastien Fontaine,Deputy Sheriff,Justice,0
sébastien michaud|provincial court judge|justice and public safety,1,2021,2021,Sébastien Michaud,Provincial Court Judge,Justice and Public Safety,0
talia profit|king’s counsel|executive council office,1,2022,2022,Talia Profit,King’s Counsel,Executive Council Office,0
"tammy augustine|member, part-time|justice and public safety",1,2021,2021,Tammy Augustine,"Member, Part-time",Justice and Public Safety,0
"tammy augustine|vice-chair, member|justice and public safety",1,2016,2016,Tammy Augustine,"Vice-Chair, Member",Justice and Public Safety,0
tammy augustine|voting member of the board of directors|justice and public safety,2,2021,2024,Tammy Augustine,voting member of the Board of Directors,Justice and Public Safety,3
tammy boucher|lay representative|health,1,2016,2016,Tammy Boucher,lay representative,Health,0
tammy lynn macneill|student member of the board of governors|post-secondary education training and labour,1,2020,2020,Tammy Lynn MacNeill,Student Member of the Board of Governors,Post-Secondary Education Training and Labour,0
"tammy mcallister|member of the board|tourism, heritage and culture",1,2017,2017,Tammy McAllister,member of the Board,"Tourism, Heritage and Culture",0
tammy moore|adjudicator|justice and public safety,1,2018,2018,Tammy Moore,Adjudicator,Justice and Public Safety,0
tammy moore|case management master|justice and public safety,2,2018,2021,Tammy Moore,Case Management Master,Justice and Public Safety,3
tammy moore|emergency adjudicative officer|justice and public safety,1,2018,2018,Tammy Moore,Emergency Adjudicative Officer,Justice and Public Safety,0
tammy palser|alternate member|health,1,2023,2023,Tammy Palser,alternate member,Health,0
tammy scott-wallace|member of the executive council|executive council office,1,2020,2020,Tammy Scott-Wallace,member of the Executive Council,Executive Council Office,0
tammy scott-wallace|member|executive council office,2,2022,2023,Tammy Scott-Wallace,Member,Executive Council Office,1
"tammy scott-wallace|minister of tourism, heritage and culture|executive council office",1,2020,2020,Tammy Scott-Wallace,"Minister of Tourism, Heritage and Culture",Executive Council Office,0
tammy-lee thériault|student member|post-secondary education training and labour,1,2014,2014,Tammy-Lee Thériault,Student Member,Post-Secondary Education Training and Labour,0
tania morris|member|finance and treasury board,1,2021,2021,Tania Morris,member,Finance and Treasury Board,0
tania perron|alternate chair|health,1,2017,2017,Tania Perron,Alternate Chair,Health,0
tanya chapman|voting member of the board of directors|justice and public safety,1,2023,2023,Tanya Chapman,voting member of the Board of Directors,Justice and Public Safety,0
tanya cooper|municipal returning officer|elections new brunswick,1,2019,2019,Tanya Cooper,municipal returning officer,Elections New Brunswick,0
taylor catherine o’brien|deputy sheriff|public safety,1,2019,2019,Taylor Catherine O’Brien,Deputy Sheriff,Public Safety,0
terrence lenihan|vice-chair|environment and local government,2,2016,2021,Terrence Lenihan,Vice-Chair,Environment and Local Government,5
terrence totten|member|energy and mines,1,2013,2013,Terrence Totten,member,Energy and Mines,0
terry campbell|returning officer|executive council office,2,2017,2017,Terry Campbell,Returning Officer,Executive Council Office,0
terry malley|board of governors|post-secondary education training and labour,1,2016,2016,Terry Malley,Board of Governors,Post-Secondary Education Training and Labour,0
terry ogilvie|members of the family income security appeal board|social development,1,2020,2020,Terry Ogilvie,members of the Family Income Security Appeal Board,Social Development,0
terry ogilvie|member|social development,2,2017,2023,Terry Ogilvie,member,Social Development,6
terry pond|member|education and early childhood development,1,2017,2017,Terry Pond,member,Education and Early Childhood Development,0
terry richardson|coroners|justice and public safety,1,2017,2017,Terry Richardson,coroners,Justice and Public Safety,0
terry richardson|coroner|public safety,1,2014,2014,Terry Richardson,coroner,Public Safety,0
terry richardson|lay representative|office of the premier,1,2013,2013,Terry Richardson,lay representative,Office of the Premier,0
terry totten|members of the small claims complaints committee panel|justice,1,2014,2014,Terry Totten,Members of the Small Claims Complaints Committee Panel,Justice,0
terry totten|municipal returning officer|elections new brunswick,1,2019,2019,Terry Totten,municipal returning officer,Elections New Brunswick,0
teshome kelkile|alternate member (psychiatrist)|health,1,2023,2023,Teshome Kelkile,alternate member (psychiatrist),Health,0
teshome s. kelkile|alternate member (psychiatrist)|health,1,2018,2018,Teshome S. Kelkile,alternate member (psychiatrist),Health,0
thaveshen padayachee|alternate member (psychiatrist)|health,1,2022,2022,Thaveshen Padayachee,Alternate member (psychiatrist),Health,0
the hon. joseph t. robertson|her majesty's counsel|office of the attorney general,1,2015,2015,The Hon. Joseph T. Robertson,Her Majesty's Counsel,Office of the Attorney General,0
the hon. judge anne-marie jacques|judge|justice and public safety,1,2024,2024,The Hon. Judge Anne-Marie Jacques,Judge,Justice and Public Safety,0
"theo gagnon|member|tourism, heritage and culture",1,2017,2017,Theo Gagnon,member,"Tourism, Heritage and Culture",0
theresa carr|returning officer|executive council office,1,2017,2017,Theresa Carr,Returning Officer,Executive Council Office,0
therese roy|alternate member|health,1,2015,2015,Therese Roy,alternate member,Health,0
theveshen padaychee|alternate member (psychiatrist)|health,1,2017,2017,Theveshen Padaychee,Alternate Member (Psychiatrist),Health,0
"thierry arseneau|member of the board of governors|tourism, heritage and culture",1,2017,2017,Thierry Arseneau,member of the Board of Governors,"Tourism, Heritage and Culture",0
thierry arseneau|member|post-secondary education training and labour,1,2013,2013,Thierry Arseneau,member,Post-Secondary Education Training and Labour,0
"thierry arseneau|member|tourism, heritage and culture",1,2019,2019,Thierry Arseneau,member,"Tourism, Heritage and Culture",0
thomas anthony weber|vice-chairman|environment and local government,1,2017,2017,Thomas Anthony Weber,vice-chairman,Environment and Local Government,0
thomas geburt|member representing the public|education and early childhood development,1,2024,2024,Thomas Geburt,member representing the public,Education and Early Childhood Development,0
thomas geburt|member|education and early childhood development,1,2020,2020,Thomas Geburt,Member,Education and Early Childhood Development,0
thomas gribbons|member of the board of governors|post-secondary education training and labour,1,2015,2015,Thomas Gribbons,member of the Board of Governors,Post-Secondary Education Training and Labour,0
thomas gribbons|member|post-secondary education training and labour,1,2018,2018,Thomas Gribbons,member,Post-Secondary Education Training and Labour,0
thomas macfarlane|deputy minister of energy and resource development|executive council office,1,2019,2019,Thomas MacFarlane,Deputy Minister of Energy and Resource Development,Executive Council Office,0
thomas macfarlane|member|executive council office,1,2019,2019,Thomas MacFarlane,Member,Executive Council Office,0
"thomas mann|member|agriculture, aquaculture and fisheries",1,2013,2013,Thomas Mann,member,"Agriculture, Aquaculture and Fisheries",0
thomas mann|trustee|social development,1,2020,2020,Thomas Mann,Trustee,Social Development,0
thomas mccauley|alternate member|health,1,2013,2013,Thomas McCauley,alternate member,Health,0
thomas mccauley|councillor on the executive council|health,1,2023,2023,Thomas McCauley,Councillor on the Executive Council,Health,0
thomas mccauley|councillor|health,1,2023,2023,Thomas McCauley,councillor,Health,0
thomas vihvelin|member|justice and public safety,1,2020,2020,Thomas Vihvelin,member,Justice and Public Safety,0
thérése roy|alternate member|health,1,2019,2019,Thérése Roy,alternate member,Health,0
tia mcfarlane|member|executive council office,1,2022,2022,Tia McFarlane,member,Executive Council Office,0
tiffany dubé|trustee|post-secondary education training and labour,1,2021,2021,Tiffany Dubé,trustee,Post-Secondary Education Training and Labour,0
tiffany mirzica|member|women's equality,1,2024,2024,Tiffany Mirzica,Member,Women's Equality,0
tim dubé|alternate chair|health,1,2022,2022,Tim Dubé,Alternate Chair,Health,0
tim geldart|deputy sheriff|justice,2,2014,2015,Tim Geldart,Deputy Sheriff,Justice,1
tim petersen|governor|post-secondary education training and labour,1,2019,2019,Tim Petersen,Governor,Post-Secondary Education Training and Labour,0
tim petersen|president and chief executive officer|post-secondary education training and labour,1,2022,2022,Tim Petersen,President and Chief Executive Officer,Post-Secondary Education Training and Labour,0
tim ringuette|trustee from the public at large|post-secondary education training and labour,1,2019,2019,Tim Ringuette,trustee from the public at large,Post-Secondary Education Training and Labour,0
tim ringuette|trustee|post-secondary education training and labour,1,2022,2022,Tim Ringuette,trustee,Post-Secondary Education Training and Labour,0
timothy bell|member of the board of governors|post-secondary education training and labour,2,2023,2024,Timothy Bell,member of the Board of Governors,Post-Secondary Education Training and Labour,1
timothy fennell|deputy sheriff|justice,1,2014,2014,Timothy Fennell,Deputy Sheriff,Justice,0
timothy leblanc|chair|environment and local government,1,2021,2021,Timothy LeBlanc,Chair,Environment and Local Government,0
timothy m. hopkins|his majesty’s counsel|justice and public safety,1,2024,2024,Timothy M. Hopkins,His Majesty’s Counsel,Justice and Public Safety,0
timothy rooney|deputy sheriff|justice,2,2014,2015,Timothy Rooney,Deputy Sheriff,Justice,1
tina belliveau-moore|returning officer|executive council office,1,2017,2017,Tina Belliveau-Moore,Returning Officer,Executive Council Office,0
tina edmond|member|health,1,2020,2020,Tina Edmond,member,Health,0
tina emond|member|health,1,2017,2017,Tina Emond,member,Health,0
tina leblanc|lay representative|health,1,2018,2018,Tina LeBlanc,lay representative,Health,0
tina soucy|employer representative|post-secondary education training and labour,1,2017,2017,Tina Soucy,Employer Representative,Post-Secondary Education Training and Labour,0
tina thibodeau|member|healthy and inclusive communities,1,2015,2015,Tina Thibodeau,member,Healthy and Inclusive Communities,0
todd carr|deputy sheriff|justice,1,2015,2015,Todd Carr,Deputy Sheriff,Justice,0
todd fulton|deputy sheriff|justice,1,2014,2014,Todd Fulton,Deputy Sheriff,Justice,0
todd fulton|deputy sheriff|public safety,1,2019,2019,Todd Fulton,Deputy Sheriff,Public Safety,0
todd hickey|occupational health and safety officer|post-secondary education training and labour,1,2021,2021,Todd Hickey,Occupational Health and Safety Officer,Post-Secondary Education Training and Labour,0
todd stephen|lay representative|health,1,2013,2013,Todd Stephen,lay representative,Health,0
tom liston|member|executive council office,1,2024,2024,Tom Liston,member,Executive Council Office,0
tom macfarlane|chairman of the municipal capital borrowing board|executive council office,1,2020,2020,Tom MacFarlane,Chairman of the Municipal Capital Borrowing Board,Executive Council Office,0
tom macfarlane|commissioner of municipal affairs|executive council office,1,2020,2020,Tom MacFarlane,Commissioner of Municipal Affairs,Executive Council Office,0
tom macfarlane|deputy minister of environment and local government|executive council office,1,2020,2020,Tom MacFarlane,Deputy Minister of Environment and Local Government,Executive Council Office,0
tom macfarlane|director of the regional development corporation|executive council office,1,2020,2020,Tom Macfarlane,Director of the Regional Development Corporation,Executive Council Office,0
tom macfarlane|director|social development,1,2018,2018,Tom MacFarlane,Director,Social Development,0
"tom mann|member|agriculture, aquaculture and fisheries",1,2013,2013,Tom Mann,member,"Agriculture, Aquaculture and Fisheries",0
tom mann|member|economic development,1,2014,2014,Tom Mann,Member,Economic Development,0
tom mann|trustee|social development,1,2019,2019,Tom Mann,Trustee,Social Development,0
tom maston|acting deputy minister of health|executive council office,1,2014,2014,Tom Maston,Acting Deputy Minister of Health,Executive Council Office,0
tom maston|member|finance,1,2017,2017,Tom Maston,member,Finance,0
tomie desjardins|deputy sheriff|justice,1,2015,2015,Tomie Desjardins,Deputy Sheriff,Justice,0
"tommy dixon|director|tourism, heritage and culture",1,2024,2024,Tommy Dixon,Director,"Tourism, Heritage and Culture",0
"tommy dixon|member of the board of directors|tourism, heritage and culture",1,2021,2021,Tommy Dixon,member of the Board of Directors,"Tourism, Heritage and Culture",0
tony collin|inspector|public safety,1,2014,2014,Tony Collin,inspector,Public Safety,0
tony kenneth desjardins|president|transportation and infrastructure,1,2016,2016,Tony Kenneth Desjardins,President,Transportation and Infrastructure,0
"tony whalen|chair|tourism, heritage and culture",1,2017,2017,Tony Whalen,Chair,"Tourism, Heritage and Culture",0
"tony whalen|member and chair|tourism, heritage and culture",2,2020,2023,Tony Whalen,member and Chair,"Tourism, Heritage and Culture",3
tonya price|director|service new brunswick,1,2021,2021,Tonya Price,Director,Service New Brunswick,0
tonya price|registrar|service new brunswick,1,2021,2021,Tonya Price,Registrar,Service New Brunswick,0
tori white|deputy sheriff|justice,1,2015,2015,Tori White,Deputy Sheriff,Justice,0
traci simmonds|member|executive council office,1,2020,2020,Traci Simmonds,Member,Executive Council Office,0
traci simmons|chief executive officer|executive council office,1,2023,2023,Traci Simmons,Chief Executive Officer,Executive Council Office,0
traci simmons|director|executive council office,1,2024,2024,Traci Simmons,Director,Executive Council Office,0
traci simmons|member|executive council office,1,2023,2023,Traci Simmons,member,Executive Council Office,0
tracy beal|coroner|justice and public safety,1,2017,2017,Tracy Beal,Coroner,Justice and Public Safety,0
tracy beal|coroner|public safety,1,2020,2020,Tracy Beal,coroner,Public Safety,0
"tracy clinch|president of the board|tourism, heritage and culture",1,2024,2024,Tracy Clinch,President of the Board,"Tourism, Heritage and Culture",0
tracy peters|king’s counsel|executive council office,1,2022,2022,Tracy Peters,King’s Counsel,Executive Council Office,0
travis bergin|acting secretary to treasury board|executive council office,1,2024,2024,Travis Bergin,Acting Secretary to Treasury Board,Executive Council Office,0
travis bergin|interim deputy minister of finance and treasury board|executive council office,1,2024,2024,Travis Bergin,Interim Deputy Minister of Finance and Treasury Board,Executive Council Office,0
travis bergin|member of the board of directors|transportation and infrastructure,1,2021,2021,Travis Bergin,member of the Board of Directors,Transportation and Infrastructure,0
travis connors|deputy sheriff|justice and public safety,1,2017,2017,Travis Connors,Deputy Sheriff,Justice and Public Safety,0
trevor holder|member of the executive council|executive council office,1,2020,2020,Trevor Holder,member of the Executive Council,Executive Council Office,0
trevor holder|members of the executive council|executive council office,1,2018,2018,Trevor Holder,members of the Executive Council,Executive Council Office,0
trevor holder|member|executive council office,1,2013,2013,Trevor Holder,Member,Executive Council Office,0
"trevor holder|minister of post-secondary education, training and labour|executive council office",2,2019,2020,Trevor Holder,"Minister of Post-Secondary Education, Training and Labour",Executive Council Office,1
trish duguay|member|environment and local government,1,2022,2022,Trish Duguay,member,Environment and Local Government,0
trisha perry|vice-chairperson|post-secondary education training and labour,3,2017,2023,Trisha Perry,Vice-Chairperson,Post-Secondary Education Training and Labour,6
troy lifford|member|executive council office,1,2013,2013,Troy Lifford,Member,Executive Council Office,0
troy lifford|minister of the portion of the public service to be known as the department of justice|executive council office,1,2013,2013,Troy Lifford,Minister of the portion of the public service to be known as the Department of Justice,Executive Council Office,0
troy stone|member|environment and local government,1,2024,2024,Troy Stone,member,Environment and Local Government,0
twyla carr|deputy sheriff|justice,1,2014,2014,Twyla Carr,Deputy Sheriff,Justice,0
valentina cojocaru|deputy sheriff|justice and public safety,1,2018,2018,Valentina Cojocaru,Deputy Sheriff,Justice and Public Safety,0
vanessa clark|returning officer|executive council office,1,2017,2017,Vanessa Clark,Returning Officer,Executive Council Office,0
"vanessa paesani|member of the board|tourism, heritage and culture",1,2017,2017,Vanessa Paesani,member of the Board,"Tourism, Heritage and Culture",0
vernon thomas|returning officer|executive council office,1,2019,2019,Vernon Thomas,Returning Officer,Executive Council Office,0
veronique chenard|member|education and early childhood development,1,2017,2017,Veronique Chenard,member,Education and Early Childhood Development,0
vicki wallace-godbout|director|energy and mines,1,2015,2015,Vicki Wallace-Godbout,director,Energy and Mines,0
vicky gaunce|member|natural resources and energy development,1,2024,2024,Vicky Gaunce,member,Natural Resources and Energy Development,0
victor boudreau|member|executive council office,2,2016,2017,Victor Boudreau,member,Executive Council Office,1
victor eric boudreau|minister of health|executive council office,2,2014,2016,Victor Eric Boudreau,Minister of Health,Executive Council Office,2
"victor somerville|member engaged directly as a producer|agriculture, aquaculture and fisheries",1,2018,2018,Victor Somerville,member engaged directly as a producer,"Agriculture, Aquaculture and Fisheries",0
"victor somerville|member|agriculture, aquaculture and fisheries",1,2023,2023,Victor Somerville,member,"Agriculture, Aquaculture and Fisheries",0
"victoria clarke|member|tourism, heritage and culture",1,2016,2016,Victoria Clarke,member,"Tourism, Heritage and Culture",0
victoria scott|member of the board of governors|post-secondary education training and labour,1,2022,2022,Victoria Scott,member of the Board of Governors,Post-Secondary Education Training and Labour,0
victorine robichaud|municipal returning officer|elections new brunswick,1,2019,2019,Victorine Robichaud,municipal returning officer,Elections New Brunswick,0
victorine robichaud|returning officer|executive council office,2,2017,2019,Victorine Robichaud,Returning Officer,Executive Council Office,2
vincent l. duff|member of the judicial remuneration commission|justice and public safety,1,2017,2017,Vincent L. Duff,member of the Judicial Remuneration Commission,Justice and Public Safety,0
vincent l. duff|member|finance,1,2018,2018,Vincent L. Duff,member,Finance,0
violette desjardins|non-academic staff person|post-secondary education training and labour,1,2020,2020,Violette Desjardins,non-academic staff person,Post-Secondary Education Training and Labour,0
virgina stairs|returning officer|elections new brunswick,1,2013,2013,Virgina Stairs,Returning Officer,Elections New Brunswick,0
virginia gillmore|member|health,2,2015,2018,Virginia Gillmore,member,Health,3
virginia manzer|worker's advocate|post-secondary education training and labour,2,2015,2017,Virginia Manzer,Worker's Advocate,Post-Secondary Education Training and Labour,2
w. rodney macdonald|king’s counsel|executive council office,1,2022,2022,W. Rodney Macdonald,King’s Counsel,Executive Council Office,0
w. stephen flynn|alternate member|environment and local government,1,2013,2013,W. Stephen Flynn,alternate member,Environment and Local Government,0
wallace floyd|member|social development,1,2021,2021,Wallace Floyd,member,Social Development,0
walt mckinney|coroners|justice and public safety,1,2017,2017,Walt McKinney,coroners,Justice and Public Safety,0
walt mckinney|coroner|public safety,1,2013,2013,Walt McKinney,coroner,Public Safety,0
wanda bonner|deputy sheriff|justice,1,2014,2014,Wanda Bonner,Deputy Sheriff,Justice,0
wanita mcgraw|member of the board of directors|finance; new brunswick liquor corporation,1,2017,2017,Wanita McGraw,Member of the Board of Directors,Finance; New Brunswick Liquor Corporation,0
wayne arsenault|member|economic development,1,2013,2013,Wayne Arsenault,member,Economic Development,0
wayne bennett|lay representative|health,1,2013,2013,Wayne Bennett,lay representative,Health,0
wayne carson|member of the board of governors|post-secondary education training and labour,1,2023,2023,Wayne Carson,member of the Board of Governors,Post-Secondary Education Training and Labour,0
wayne carson|member|post-secondary education training and labour,1,2020,2020,Wayne Carson,Member,Post-Secondary Education Training and Labour,0
wayne clowater|vice-chair|natural resources,1,2013,2013,Wayne Clowater,Vice-Chair,Natural Resources,0
wayne mcdonald|board of governors as a person nominated by the board|post-secondary education training and labour,1,2017,2017,Wayne McDonald,Board of Governors as a person nominated by the Board,Post-Secondary Education Training and Labour,0
wayne mcdonald|member|post-secondary education training and labour,1,2014,2014,Wayne McDonald,member,Post-Secondary Education Training and Labour,0
wayne power|director|natural resources and energy development,1,2024,2024,Wayne Power,Director,Natural Resources and Energy Development,0
"wayne power|member|tourism, heritage and culture",1,2022,2022,Wayne Power,member,"Tourism, Heritage and Culture",0
wayne sturgeon|alternate member representing region eight|environment and local government,1,2014,2014,Wayne Sturgeon,Alternate member representing Region Eight,Environment and Local Government,0
wayne trail|public representative|health,1,2014,2014,Wayne Trail,public representative,Health,0
weldon mclaughlin|municipal returning officer|elections new brunswick,1,2015,2015,Weldon McLaughlin,municipal returning officer,Elections New Brunswick,0
weldon mclaughlin|returning officer|executive council office,1,2017,2017,Weldon McLaughlin,Returning Officer,Executive Council Office,0
wendy wetteland|member|executive council office,1,2018,2018,Wendy Wetteland,Member,Executive Council Office,0
wes mclean|member of the board of governors|post-secondary education training and labour,1,2023,2023,Wes McLean,member of the Board of Governors,Post-Secondary Education Training and Labour,0
wiktor askanas|member of the board of directors|finance,1,2015,2015,Wiktor Askanas,member of the Board of Directors,Finance,0
wiktor askanas|vice-chairperson of the board of directors|finance,1,2015,2015,Wiktor Askanas,Vice-Chairperson of the Board of Directors,Finance,0
wilfred roussel|member|executive council office,2,2018,2018,Wilfred Roussel,member,Executive Council Office,0
willard m. jenkins|her majesty's counsel|justice,1,2014,2014,Willard M. Jenkins,Her Majesty's Counsel,Justice,0
william (bill) treadwell|returning officer|elections new brunswick,1,2019,2019,William (Bill) Treadwell,Returning Officer,Elections New Brunswick,0
william burroughs|member of the appeal board on teacher certification|education and early childhood development,1,2014,2014,William Burroughs,Member of the Appeal Board on Teacher Certification,Education and Early Childhood Development,0
william dixon|employer member|post-secondary education training and labour,1,2019,2019,William Dixon,employer member,Post-Secondary Education Training and Labour,0
william dixon|member representing employers|post-secondary education training and labour,2,2022,2022,William Dixon,member representing employers,Post-Secondary Education Training and Labour,0
william dixon|representative of employers|post-secondary education training and labour,1,2013,2013,William Dixon,representative of employers,Post-Secondary Education Training and Labour,0
william f. (billy) justason|returning officer|executive council office,1,2019,2019,William F. (Billy) Justason,Returning Officer,Executive Council Office,0
"william forrestall|board member|tourism, heritage and culture",1,2019,2019,William Forrestall,Board Member,"Tourism, Heritage and Culture",0
william forrestall|member of the judicial council|justice and public safety,1,2023,2023,William Forrestall,member of the Judicial Council,Justice and Public Safety,0
"william forrestall|member|tourism, heritage and culture",1,2022,2022,William Forrestall,member,"Tourism, Heritage and Culture",0
william g. (bill) oliver|members|justice and attorney general,1,2013,2013,William G. (Bill) Oliver,members,Justice and Attorney General,0
"william george bensen|member of the board of directors|tourism, heritage and culture",1,2014,2014,William George Bensen,member of the Board of Directors,"Tourism, Heritage and Culture",0
william h. watts|small claim adjudicator|justice and attorney general,1,2019,2019,William H. Watts,Small Claim Adjudicator,Justice and Attorney General,0
william hawco|returning officer|executive council office,1,2020,2020,William Hawco,returning officer,Executive Council Office,0
william kaplan|sustainable pension plan authority|finance and treasury board,1,2024,2024,William Kaplan,Sustainable Pension Plan Authority,Finance and Treasury Board,0
william keenan|deputy sheriff|justice,1,2014,2014,William Keenan,Deputy Sheriff,Justice,0
william kingston|returning officer|elections new brunswick,1,2013,2013,William Kingston,Returning Officer,Elections New Brunswick,0
william mattsson|deputy sheriff|justice,2,2014,2015,William Mattsson,Deputy Sheriff,Justice,1
william w. hicks|returning officer|executive council office,1,2019,2019,William W. Hicks,Returning Officer,Executive Council Office,0
wilma gilchrist|members of the family income security appeal board|social development,1,2020,2020,Wilma Gilchrist,members of the Family Income Security Appeal Board,Social Development,0
wilma gilcrist|member|social development,1,2017,2017,Wilma Gilcrist,member,Social Development,0
winston c. keirstead|member|environment and local government,1,2013,2013,Winston C. Keirstead,member,Environment and Local Government,0
"winston johnson|member|agriculture, aquaculture and fisheries",1,2014,2014,Winston Johnson,member,"Agriculture, Aquaculture and Fisheries",0
yanik hachey|member|environment and local government,1,2021,2021,Yanik Hachey,member,Environment and Local Government,0
yanik hachey|member|social development,1,2021,2021,Yanik Hachey,member,Social Development,0
yanis khiari|vice-chairperson|post-secondary education training and labour,1,2023,2023,Yanis Khiari,Vice-Chairperson,Post-Secondary Education Training and Labour,0
yassin choukri|reviewing officer|justice,1,2014,2014,Yassin Choukri,reviewing officer,Justice,0
yennah hurley|acting deputy minister|executive council office,1,2020,2020,Yennah Hurley,Acting Deputy Minister,Executive Council Office,0
"yennah hurley|deputy minister of tourism, heritage and culture|executive council office",1,2020,2020,Yennah Hurley,"Deputy Minister of Tourism, Heritage and Culture",Executive Council Office,0
yennah hurley|director of the regional development corporation|executive council office,1,2020,2020,Yennah Hurley,Director of the Regional Development Corporation,Executive Council Office,0
yolande marie martin|triage coordinator|justice and attorney general,1,2019,2019,Yolande Marie Martin,Triage Coordinator,Justice and Attorney General,0
"ysabelle vautour|member|tourism, heritage and culture",1,2023,2023,Ysabelle Vautour,member,"Tourism, Heritage and Culture",0
yvan roy|member|post-secondary education training and labour,1,2013,2013,Yvan Roy,member,Post-Secondary Education Training and Labour,0
"yves banville|member|agriculture, aquaculture and fisheries",2,2018,2023,Yves Banville,Member,"Agriculture, Aquaculture and Fisheries",5
"yves gagnon, pmp.|member|justice",1,2014,2014,"Yves Gagnon, PMP.",Member,Justice,0
yves gagnon|member|finance,1,2018,2018,Yves Gagnon,member,Finance,0
yves gagnon|supervisor|environment and local government,2,2021,2021,Yves Gagnon,Supervisor,Environment and Local Government,0
yves joseph goudreau|coroner|public safety,1,2013,2013,Yves Joseph Goudreau,coroner,Public Safety,0
yves roy|member of the family income security appeal board|social development,1,2015,2015,Yves Roy,Member of the Family Income Security Appeal Board,Social Development,0
yves roy|member|social development,1,2018,2018,Yves Roy,member,Social Development,0
yvette finn|commissioner to conduct an examination and consultation on the official languages act|intergovernmental affairs,1,2021,2021,Yvette Finn,Commissioner to conduct an examination and consultation on the Official Languages Act,Intergovernmental Affairs,0
yvon albert|alternate member|environment and local government,2,2017,2020,Yvon Albert,alternate member,Environment and Local Government,3
yvon landry|members of the board of directors|justice,1,2015,2015,Yvon Landry,members of the Board of Directors,Justice,0
yvonne samson|director|social development,2,2018,2021,Yvonne Samson,Director,Social Development,3
ywca moncton|member organization|executive council office,1,2019,2019,YWCA Moncton,member organization,Executive Council Office,0
zach painter|student member of the board of governors|post-secondary education training and labour,1,2015,2015,Zach Painter,Student Member of the Board of Governors,Post-Secondary Education Training and Labour,0
zara morrison|members of the family income security appeal board|social development,1,2020,2020,Zara Morrison,members of the Family Income Security Appeal Board,Social Development,0
zara morrison|member|social development,1,2018,2018,Zara Morrison,member,Social Development,0
