Slope: 0.014883493297965487
Intercept: -29.913627642262167
R-squared: 0.8345345979754701
P-value: 3.2882951177147084e-05
Standard Error: 0.0020957346915627282
