Slope: 0.011778
Intercept: -23.682004
R-squared: 0.898957
