reappointed,name,position,org,source_year,reappointed_marked
False,Cindy Howe,members,Health,2013,False
False,Robert Byron Trevors,Minister of Human Resources,Executive Council Office,2013,False
False,Ralph Bruce Fitch,Minister of Economic Development,Executive Council Office,2013,False
False,Paul Robichaud,Minister of Natural Resources,Executive Council Office,2013,False
False,Paul Robichaud,director,Executive Council Office,2013,False
False,Jody R. Carr,"Minister of Post-Secondary Education, Training and Labour",Executive Council Office,2013,False
False,Daniel Soucy,Minister of Environment and Local Government,Executive Council Office,2013,False
False,Bruce Nelson Northrup,"Minister of Public Safety, Solicitor General",Executive Council Office,2013,False
False,Guy Daigle,Acting Deputy Attorney General,Executive Council Office,2013,False
False,Guy Daigle,Acting Deputy Minister,Executive Council Office,2013,False
False,Gaetan Thomas,President and Chief Executive Officer,Energy and Mines,2013,False
False,Deloitte LLP,auditor,Energy and Mines,2013,False
False,Roger Clinch,Chief of Staff and Deputy Minister of the Office of the Premier,Executive Council Office,2013,False
False,Phil LePage,member,Executive Council Office,2013,False
False,Phil LePage,Commissioner of Municipal Affairs,Executive Council Office,2013,False
False,Phil LePage,Deputy Minister of Environment and Local Government,Executive Council Office,2013,False
False,Phil LePage,chairman,Executive Council Office,2013,False
False,Mr. Donald Floyd,Member,Natural Resources,2013,False
False,Kim Daley,Deputy Minister of Government Services,Executive Council Office,2013,False
False,Kim Daley,President,Executive Council Office,2013,False
False,Troy Lifford,Minister of the portion of the public service to be known as the Department of Justice,Executive Council Office,2013,False
False,Jean-Jacques Doucet,member,Post-Secondary Education Training and Labour,2013,False
False,Justin Beaulieu,member,Post-Secondary Education Training and Labour,2013,False
False,Louis Duguay,member,Post-Secondary Education Training and Labour,2013,False
False,Bruce Fitch,Member,Executive Council Office,2013,False
True,André LaPlante,lay representative,Office of the Premier,2013,False
False,Terry Richardson,lay representative,Office of the Premier,2013,False
False,Shirley C. MacLean,Her Majesty's Counsel,Justice and Attorney General,2013,False
False,René J. Basque,Her Majesty's Counsel,Justice and Attorney General,2013,False
False,Nicole Poirier,Her Majesty's Counsel,Justice and Attorney General,2013,False
False,Nancy E. Forbes,Her Majesty's Counsel,Justice and Attorney General,2013,False
False,Michel Bastarache,Her Majesty's Counsel,Justice and Attorney General,2013,False
False,Michael E. Bowlin,Her Majesty's Counsel,Justice and Attorney General,2013,False
False,Kelly Cain,Deputy Minister of Human Resources,Executive Council Office,2013,False
False,Margaret Gallagher,Her Majesty's Counsel,Justice and Attorney General,2013,False
False,John B. Malone,Her Majesty's Counsel,Executive Council Office,2013,False
False,James E. Fowler,Her Majesty's Counsel,Justice and Attorney General,2013,False
False,Catherine Lahey,Her Majesty's Counsel,Justice and Attorney General,2013,False
False,Cameron H. Gunn,Her Majesty's Counsel,Justice and Attorney General,2013,False
False,Brian Dawson,coroner,Public Safety,2013,False
False,Thierry Arseneau,member,Post-Secondary Education Training and Labour,2013,False
False,Pauline Bourque,Chair,Post-Secondary Education Training and Labour,2013,False
False,Michel COte,member,Post-Secondary Education Training and Labour,2013,False
False,Louise Robichaud,member,Post-Secondary Education Training and Labour,2013,False
False,Judy Wagner,Acting Deputy Clerk,Executive Council Office,2013,False
False,Guy Daigle,Acting Deputy Minister of Justice and Acting Deputy Attorney General,Executive Council Office,2013,False
False,Greg Lutes,"Deputy Minister of Tourism, Heritage and Culture",Executive Council Office,2013,False
False,Denis Caron,Deputy Minister of Economic Development,Executive Council Office,2013,False
False,Shelly Pelkey,member,Post-Secondary Education Training and Labour,2013,False
True,Richard MacMillan,representative of appointments,Post-Secondary Education Training and Labour,2013,False
False,Paul Morrison,member,Post-Secondary Education Training and Labour,2013,False
True,Pamela Guitard,representative of appointments,Post-Secondary Education Training and Labour,2013,False
False,Marco Gagnon,representative of employers,Post-Secondary Education Training and Labour,2013,False
True,Jacqueline Bergeron-Bridges,representative of appointments,Post-Secondary Education Training and Labour,2013,False
False,Gregory Curwin,Non-Academic Staff member,Post-Secondary Education Training and Labour,2013,False
True,Gerry Cluney,representative of employers,Post-Secondary Education Training and Labour,2013,False
True,Gary Ritchie,representative of appointments,Post-Secondary Education Training and Labour,2013,False
True,Signe B. Gurholt,Academic Staff member,Post-Secondary Education Training and Labour,2013,False
True,Debbie Gray,representative of appointments,Post-Secondary Education Training and Labour,2013,False
False,Brian Delucry,representative of appointments,Post-Secondary Education Training and Labour,2013,False
True,Barry Cooper,member,Post-Secondary Education Training and Labour,2013,False
True,Stephen Alexander,member of the Board of Directors,Environment and Local Government,2013,False
True,Richard Roussel,coroner,Public Safety,2013,False
False,Jean B. Cyr,Chair,Health,2013,False
True,Fred Fearon,coroner,Public Safety,2013,False
True,Elaine Geary,member,"Tourism, Heritage and Culture",2013,False
True,Aurelien Pallot,coroner,Public Safety,2013,False
False,Andrew Dixon,member,"Tourism, Heritage and Culture",2013,False
False,David Woolnough,member,Post-Secondary Education Training and Labour,2013,False
False,Claude Williams,Member,Executive Council Office,2013,False
True,William Dixon,representative of employers,Post-Secondary Education Training and Labour,2013,False
False,John Correia,member of the Board of Directors,Finance; New Brunswick Liquor Corporation,2013,False
False,Denis Caron,President,Executive Council Office,2013,False
False,Denis Caron,member,Executive Council Office,2013,False
False,Bill Levesque,member of the Board of Directors,Executive Council Office,2013,False
False,Bill Levesque,Deputy Minister of Natural Resources,Executive Council Office,2013,False
False,Winston C. Keirstead,member,Environment and Local Government,2013,False
False,Mr. Neil A. Vibert,member,Post-Secondary Education Training and Labour,2013,False
False,Mr. Adelard Cormier,member,Post-Secondary Education Training and Labour,2013,False
False,Monique Noel,municipal returning officer,Elections New Brunswick,2013,False
True,Jean Soucie,member,Post-Secondary Education Training and Labour,2013,False
False,Alfred Landry,Conflict of Interest Commissioner,Executive Council Office,2013,False
False,George Frederick Morton,coroner,Public Safety,2013,False
False,Robert J. Kelly,Vice-Chairman,Environment and Local Government,2013,False
False,Robert J. Kelly,member,Environment and Local Government,2013,False
False,Rachelle Gagnon,member of the Board of Directors,Finance; New Brunswick Liquor Corporation,2013,False
False,Paulette Robert,member,Justice and Attorney General,2013,False
False,Patrick Durepos,member of the Board of Directors,Finance; New Brunswick Liquor Corporation,2013,False
False,Mike Jenkins,member of the Board of Directors,Finance; New Brunswick Liquor Corporation,2013,False
False,Michael D. Wennberg,member,Justice and Attorney General,2013,False
False,Lorilee Carrier,member,Health,2013,False
False,Lorilee Carrier,member,Health,2013,True
False,Robert J. Kelly,Vice-Chairman,Environment and Local Government,2013,True
False,Craig Leonard,Member,Executive Council Office,2013,False
False,Jessica Bonnelly,Inspector of Anatomy,Health,2013,False
False,Jody Carr,Member,Executive Council Office,2013,False
False,Mary Casement,Returning Officer,Elections New Brunswick,2013,False
False,Lori Ann Tweedie,Returning Officer,Elections New Brunswick,2013,False
False,Krista Hall,Returning Officer,Elections New Brunswick,2013,False
False,Kathryn B. Dalling,Returning Officer,Elections New Brunswick,2013,False
False,Kathleen MacDonald,Returning Officer,Elections New Brunswick,2013,False
True,Joseph Kavanaugh,coroner,Public Safety,2013,False
False,John Campbell,Returning Officer,Elections New Brunswick,2013,False
False,Jocelyn Donaghy,Returning Officer,Elections New Brunswick,2013,False
False,Joanne Plourde,Returning Officer,Elections New Brunswick,2013,False
False,Maurice Pelletier,Returning Officer,Elections New Brunswick,2013,False
False,Joanne Nice,Returning Officer,Elections New Brunswick,2013,False
False,Ian Andrews,Returning Officer,Elections New Brunswick,2013,False
False,Heather Chetley,Returning Officer,Elections New Brunswick,2013,False
False,Gérald Mallais,Returning Officer,Elections New Brunswick,2013,False
True,Gaétan Beaulieu,coroner,Public Safety,2013,False
False,Francine Mulherin,Returning Officer,Elections New Brunswick,2013,False
False,Floyd Graves,Returning Officer,Elections New Brunswick,2013,False
False,Elaine Hoyt,Returning Officer,Elections New Brunswick,2013,False
False,Doug Pond,Returning Officer,Elections New Brunswick,2013,False
False,Denise Martin,Returning Officer,Elections New Brunswick,2013,False
False,Jeanette Mitchell,Returning Officer,Elections New Brunswick,2013,False
True,Della Malloch,coroner,Public Safety,2013,False
False,Michel Vautour,Returning Officer,Elections New Brunswick,2013,False
False,Murielle Saulnier,Returning Officer,Elections New Brunswick,2013,False
True,Yves Joseph Goudreau,coroner,Public Safety,2013,False
False,William Kingston,Returning Officer,Elections New Brunswick,2013,False
False,Virgina Stairs,Returning Officer,Elections New Brunswick,2013,False
False,Scott Chedore,Returning Officer,Elections New Brunswick,2013,False
False,Sandy Meikle,member representing the Fredericton Region,Executive Council Office,2013,False
False,S. Boyd Anderson,Returning Officer,Elections New Brunswick,2013,False
False,Ron Berry,Returning Officer,Elections New Brunswick,2013,False
False,Richard Thorne,Returning Officer,Elections New Brunswick,2013,False
False,Reta Carson,Returning Officer,Elections New Brunswick,2013,False
False,Mireille Pafford,Returning Officer,Elections New Brunswick,2013,False
False,Raymond E. Gallant,Returning Officer,Elections New Brunswick,2013,False
False,Raoul Charest,Returning Officer,Elections New Brunswick,2013,False
True,Ralph J. Currie,coroner,Public Safety,2013,False
False,Pierre W. Arsenault,Chief Judge,Justice,2013,False
False,Philippe Hachey,Returning Officer,Elections New Brunswick,2013,False
False,Patti Nason,Returning Officer,Elections New Brunswick,2013,False
False,O’Neil Arseneau,Returning Officer,Elections New Brunswick,2013,False
False,Naomi Stewart,Returning Officer,Elections New Brunswick,2013,False
False,Nancy McLeod,Returning Officer,Elections New Brunswick,2013,False
False,Nancy Guerette,Returning Officer,Elections New Brunswick,2013,False
False,Raoul Leger,Returning Officer,Elections New Brunswick,2013,False
False,Michael Richard,trustees,Post-Secondary Education Training and Labour,2013,False
False,Debbie Miller,Returning Officer,Elections New Brunswick,2013,False
False,Dan Corcoran,Returning Officer,Elections New Brunswick,2013,False
False,Frederick J. Dixon,member,Environment and Local Government,2013,False
False,David Cudmore,member,Environment and Local Government,2013,False
False,René Boudreau,members,Economic Development,2013,False
False,Patrick Ervin,member,Energy and Mines,2013,False
False,Michael Costello,member,Energy and Mines,2013,False
False,Leonard Lee-White,members,Economic Development,2013,False
False,John Herron,member,Energy and Mines,2013,False
False,Jean Finn,members,Economic Development,2013,False
False,Denis Caron,Chair,Economic Development,2013,False
False,Patrick Windle,Deputy Registrar General of Land Titles,Government Services,2013,False
False,Charbel Awad,Sheriff,Justice,2013,False
False,Richard Jones,Member,,2013,False
False,Gisèle Levesque,Member,,2013,False
False,André Benoit,Member,,2013,False
False,Alain Bosse,Chairperson,,2013,False
True,Alain Bosse,Member,,2013,False
False,Troy Lifford,Member,Executive Council Office,2013,False
False,Trevor Holder,Member,Executive Council Office,2013,False
False,Sue Stultz,Member,Executive Council Office,2013,False
False,Paul Robichaud,Vice-Chairperson,Executive Council Office,2013,False
False,Richard Jones,Vice-Chairperson,,2013,False
False,David Keirstead,Returning Officer,Elections New Brunswick,2013,False
False,Peter M. Klohn,Chair,Justice,2013,False
False,Florence Hubbard,inspector,Public Safety,2013,False
False,Conrad Grant,Returning Officer,Elections New Brunswick,2013,False
True,Burton Hall,coroner,Public Safety,2013,False
False,Barbara Allen,Returning Officer,Elections New Brunswick,2013,False
False,Aurelien Langteigne,Returning Officer,Elections New Brunswick,2013,False
False,Andrew Wood,Returning Officer,Elections New Brunswick,2013,False
False,Andrea Leger,Returning Officer,Elections New Brunswick,2013,False
False,Réjean Michaud,member,Public Safety,2013,False
False,David Morgan,member,Public Safety,2013,False
False,David Emerson,member,Public Safety,2013,False
False,Serge Gauvin,Registrar General of Land Titles and Chief Registrar of Deeds,Government Services,2013,False
True,Sandy Meikle,members,Office of the Premier,2013,False
True,Michael George,members,Office of the Premier,2013,False
True,Linda Ferrier,members,Office of the Premier,2013,False
False,Kevin Bourque,Student Member,Post-Secondary Education Training and Labour,2013,False
True,Ken Walsh,members,Office of the Premier,2013,False
False,Kelli Simmonds,Deputy Minister,Executive Council Office,2013,False
True,Armand Leblanc,members,Office of the Premier,2013,False
False,Aldo K. Kebaya,Student Member,Post-Secondary Education Training and Labour,2013,False
True,Robert D. Breen,Chairperson,Post-Secondary Education Training and Labour,2013,False
False,Mike Burris,inspector,Public Safety,2013,False
True,Noélla Hébert,members,Office of the Premier,2013,False
False,Maureen Soriano,trustees,Post-Secondary Education Training and Labour,2013,False
False,Madeleine Dube,Member,Executive Council Office,2013,False
False,Janet Williams,trustees,Post-Secondary Education Training and Labour,2013,False
False,Amanda J. Evans,Administrator,Justice and Attorney General,2013,False
False,Amanda J. Evans,Clerk ,Justice and Attorney General,2013,False
False,Andrea Leger,returning officer,Elections New Brunswick,2013,False
False,Steven Pond,Occupational Health and Safety Officer,Post-Secondary Education Training and Labour,2013,False
False,Roger Wade Croker,member,"Agriculture, Aquaculture and Fisheries",2013,False
True,Robert Theriault,member,"Agriculture, Aquaculture and Fisheries",2013,False
False,Nancy London,member,"Agriculture, Aquaculture and Fisheries",2013,False
False,Marc Daigle,Occupational Health and Safety Officer,Post-Secondary Education Training and Labour,2013,False
False,Louis-Philippe Albert,Vice-Chair,"Agriculture, Aquaculture and Fisheries",2013,False
False,Amanda J. Evans,Clerk,Justice and Attorney General,2013,False
False,Hans Bouma,member,"Agriculture, Aquaculture and Fisheries",2013,False
False,David Nowlan,Acting Comptroller,Finance,2013,False
True,David Ellis,representative of employers of the Board of Directors,Post-Secondary Education Training and Labour,2013,False
True,Bernard Savoie,member,"Agriculture, Aquaculture and Fisheries",2013,False
False,Wayne Clowater,Vice-Chair,Natural Resources,2013,False
False,Serge Laplante,representative of the forest industry,Natural Resources,2013,False
False,Roger Martin,representative of the non-profit sector,Healthy and Inclusive Communities,2013,False
True,Richard Smith,members,Post-Secondary Education Training and Labour,2013,False
False,Paul Palmer,Member,Service New Brunswick,2013,False
False,Pamela Trites,Member,Service New Brunswick,2013,False
True,Guilda Fournier,Vice-Chairperson of the Appeals Tribunal,Post-Secondary Education Training and Labour,2013,False
True,Michele Pelletier,Member,Service New Brunswick,2013,False
False,Amelie Deschenes,director,Social Development,2013,False
True,Eben Creaser,Chair,Public Safety,2013,False
False,Jennifer Murray,Acting Ombudsman,Executive Council Office,2013,False
False,Steve Lambert,member,Post-Secondary Education Training and Labour,2013,False
True,Karine Levesque,member,Post-Secondary Education Training and Labour,2013,False
False,George Richmond,member,Post-Secondary Education Training and Labour,2013,False
False,Donald Gauvin,member,Post-Secondary Education Training and Labour,2013,False
False,Allison McCain,Chancellor,Post-Secondary Education Training and Labour,2013,False
False,W. Stephen Flynn,alternate member,Environment and Local Government,2013,False
False,Steven P. Hawkes,member,Environment and Local Government,2013,False
False,Scott Chedore,member,Environment and Local Government,2013,False
False,Armand LeBlanc,municipal returning officer,Elections New Brunswick,2013,False
False,Paul Hachey,member,Environment and Local Government,2013,False
True,Terrence Totten,member,Energy and Mines,2013,False
True,Roch Fournier,member,Public Safety,2013,False
False,Maurice Picard,Vice-Chairperson,Post-Secondary Education Training and Labour,2013,False
True,Larry Landry,chair,Justice and Attorney General,2013,False
True,Kirby O'Donnell,member,Public Safety,2013,False
False,John Guitard,member,Public Safety,2013,False
False,Janet Thomas,director,Social Development,2013,False
False,Jack Brown,director,Social Development,2013,False
True,George Lacey,member,Public Safety,2013,False
False,John Colin Gillis,member,Environment and Local Government,2013,False
True,Anthony Wilkins,member,,2013,False
False,Luc St-Jarre,Chairperson of the Board of Directors,Service New Brunswick,2013,False
False,Kevin Topolniski,representative of the forest industry,Natural Resources,2013,False
True,Michel Jean,coroner,Public Safety,2013,False
True,Joe McShane,coroner,Public Safety,2013,False
False,Glen Perron,Deputy Sheriff,Justice and Attorney General,2013,False
False,David Farrow,fee-for-service coroner,Public Safety,2013,False
False,Caroline Lafontaine,Deputy Registrar,Justice and Attorney General,2013,False
True,Blake Whiteway,coroner,Public Safety,2013,False
False,Michael Allan Woodrow,coroner,Public Safety,2013,False
False,Jean-Michel Michaud,student member,Post-Secondary Education Training and Labour,2013,False
False,Christopher O'Connell,Registrar of Motor Vehicles,Public Safety,2013,False
False,Natalie H. LeBlanc,Registrar,Justice and Attorney General,2013,False
False,Thomas Mann,member,"Agriculture, Aquaculture and Fisheries",2013,False
False,Sharon Eagan,members,Health,2013,False
False,Laurie Boucher,members,Health,2013,False
False,Julie Robichaud,members,Health,2013,False
False,Jeffrey Beairsto,members,Health,2013,False
False,Harry Doyle,members,Health,2013,False
False,Gerald Richard,Deputy Minister (Francophone),Executive Council Office,2013,False
False,Frank B. Trevors,members,Health,2013,False
False,Floyd Haley,members,Health,2013,False
False,Kevin Smith,trustees,Post-Secondary Education Training and Labour,2013,False
False,Shawn Jennings,members,Health,2013,False
False,Luc St-Jarre,Member,Service New Brunswick,2013,False
True,Paula Richard,coroner,Public Safety,2013,False
True,Solange Rousseau,coroner,Public Safety,2013,False
True,Kenneth Martin,members,Post-Secondary Education Training and Labour,2013,False
False,Elizabeth Rainer,representative of the Department of Natural Resources,Natural Resources,2013,False
False,Earl R. Robinson,Member,Service New Brunswick,2013,False
False,Douglas Prebble,Chair,Natural Resources,2013,False
False,Daniel Blanchard,representative of the forest industry,Natural Resources,2013,False
False,Blake Brunsdon,representative of the forest industry,Natural Resources,2013,False
False,Andrew Elliott,representative of the forest industry,Natural Resources,2013,False
True,Geoffrey Bladon,Vice-Chair,Post-Secondary Education Training and Labour,2013,False
False,Danielle Renee Hache,Vice-Chair,Post-Secondary Education Training and Labour,2013,False
False,Scott Cowen,fee-for-service coroner,Public Safety,2013,False
True,Annie Daneault,Vice-Chair,Post-Secondary Education Training and Labour,2013,False
True,Patricia O'Dell,public member,Health,2013,False
False,Marco Robert Cloutier,judge,Justice and Attorney General,2013,False
False,Kim Daley,Deputy Minister of Human Resources,Executive Council Office,2013,False
False,Helene Bouchard,Vice-Chair,"Agriculture, Aquaculture and Fisheries",2013,False
False,Helene Bouchard,member,"Agriculture, Aquaculture and Fisheries",2013,False
True,Gary Clark,lay representative,Health,2013,False
False,Edward McLean,public member,Health,2013,False
False,Donald Higgins,public member,Health,2013,False
True,Walt McKinney,coroner,Public Safety,2013,False
True,Paul Leger,public member,Health,2013,False
False,Benjamin Beaulieu,"member for the North (Zones 4, 5 and 6)",Health,2013,False
False,Marc Boucher,representative of the Department of Natural Resources,Natural Resources,2013,False
False,Chad Maclean,member,,2013,False
True,Alain Gallant,coroner,Public Safety,2013,False
False,Yvan Roy,member,Post-Secondary Education Training and Labour,2013,False
False,Scott Toner,Chairperson,Post-Secondary Education Training and Labour,2013,False
False,Rolland Gagnon,member,Environment and Local Government,2013,False
True,Rockland Matchett,Board Member,Post-Secondary Education Training and Labour,2013,False
False,Remi Goupil,member,Post-Secondary Education Training and Labour,2013,False
False,Melanie Cyr-Tompkins,member,Post-Secondary Education Training and Labour,2013,False
False,Mario Theriault,Board Member,Post-Secondary Education Training and Labour,2013,False
False,Marie-Pier Michaud,Worker's Advocate,Post-Secondary Education Training and Labour,2013,False
True,Bill Levesque,member,Economic Development,2013,False
False,Marie Boutot,member,Post-Secondary Education Training and Labour,2013,False
True,Lois Scott,member,Post-Secondary Education Training and Labour,2013,False
False,Kim Blyth,Board Member,Post-Secondary Education Training and Labour,2013,False
True,Karen Taylor,member,Post-Secondary Education Training and Labour,2013,False
True,Jeanne Comeau,member,Post-Secondary Education Training and Labour,2013,False
True,Hughes Chiasson,member,Post-Secondary Education Training and Labour,2013,False
False,Gordon Roy,Board Member,Post-Secondary Education Training and Labour,2013,False
False,Don Sherwood,alternate member,Environment and Local Government,2013,False
False,Denis DesRosiers,member,Post-Secondary Education Training and Labour,2013,False
False,David Giles,Board Member,Post-Secondary Education Training and Labour,2013,False
False,Luc St.-Jarre,member,Post-Secondary Education Training and Labour,2013,False
False,Charles Murray,Ombudsman,Executive Council Office,2013,False
True,Daniel Laplante,member,Economic Development,2013,False
False,David Burns,member,Economic Development,2013,False
False,J. Alex McGibbon,member,"Tourism, Heritage and Culture",2013,False
True,Cathy Rignanesi,member,Finance,2013,False
False,William G. (Bill) Oliver,members,Justice and Attorney General,2013,False
False,Roy Therrien,members,Justice and Attorney General,2013,False
False,M. Marven Grant,members,Justice and Attorney General,2013,False
True,M. Deborah Hackett,Case Management Master for the Family Division,Justice and Attorney General,2013,False
False,Joanne Glynn,Provincial Planning Director,Environment and Local Government,2013,False
False,Jean-Marc Morneault,lay representative to the Executive Council,Health,2013,False
False,Jean LeBlanc,Vice-chairperson,Justice and Attorney General,2013,False
False,Heather E. Stephen,members,Justice and Attorney General,2013,False
True,Ferne Ashford,member,Justice and Attorney General,2013,False
True,David P. Leger,Act in the place of Case Management Master for the Family Division,Justice and Attorney General,2013,False
False,Adolphe Goulette,supervisor,Environment and Local Government,2013,False
False,F. Winfield Hackett,Vice-Chairperson of the Appeals Tribunal,Post-Secondary Education Training and Labour,2013,False
False,Belinda Kumar,Worker's Advocate,Post-Secondary Education Training and Labour,2013,False
False,Wayne Arsenault,member,Economic Development,2013,False
False,Todd Stephen,lay representative,Health,2013,False
False,Norman Bosse,Child and Youth Advocate,Executive Council Office,2013,False
True,Lee Corey,member,Economic Development,2013,False
False,Katherine d'Entremont,Commissioner of Official Languages,Executive Council Office,2013,False
True,Diane Cunningham,coroner,Public Safety,2013,False
False,Darren Sutherland,Board Member,Post-Secondary Education Training and Labour,2013,False
False,Curtis Howe,member,Post-Secondary Education Training and Labour,2013,False
True,Anne-Marie Caissie McCleave,member,Health,2013,False
False,Christina Taylor,Board Member,Post-Secondary Education Training and Labour,2013,False
False,Sandy Meikle,member,Office of the Premier,2013,False
False,Nadia Hebert,member,Office of the Premier,2013,False
False,Michael George,member,Office of the Premier,2013,False
True,Martin Belanger,member,Office of the Premier,2013,False
False,Linda Ferrier,member,Office of the Premier,2013,False
False,Ken Walsh,member,Office of the Premier,2013,False
True,Kara Reid,member,Office of the Premier,2013,False
False,Jeff Sparks,chair,Office of the Premier,2013,False
False,Christine Evans,member,Office of the Premier,2013,False
True,Sheila Rogers,member,Office of the Premier,2013,False
False,Armand Leblanc,member,Office of the Premier,2013,False
True,Rosemary Losier,"member and chair for the South, Zone 7",Health,2013,False
True,Richard Speight,member,Finance,2013,False
False,Patricia LeBlanc-Bird,member,Finance,2013,False
False,Michael Walton,Chairperson,Finance,2013,False
True,Michael Davidson,Chair,,2013,False
False,Melanie Tompkins,chairperson,Health,2013,False
False,Duane McAfee,"member and chair for the South, Zone 2",Health,2013,False
True,David Evans,member,,2013,False
True,Chris Snow,member,,2013,False
False,Andrew Daley,member,Office of the Premier,2013,False
False,Wayne Bennett,lay representative,Health,2013,False
True,Courtney Keenan,member,Office of the Premier,2013,False
True,Bruno Cyr,coroner,Public Safety,2013,False
True,Cheryl Robertson,member,Post-Secondary Education Training and Labour,2013,False
False,Paul Doiron,Deputy Sheriff,Justice and Attorney General,2013,False
True,Barbara McClenaghan,member,Post-Secondary Education Training and Labour,2013,False
False,Aldeo Poirier,member,Post-Secondary Education Training and Labour,2013,False
False,Aide° Nadeau,member,Post-Secondary Education Training and Labour,2013,False
False,Martha O'Sullivan,representative,Natural Resources,2013,False
True,Gordon Friars,coroner,Public Safety,2013,False
False,Larry Landry,chair,Justice and Attorney General,2013,True
True,Tom Mann,member,"Agriculture, Aquaculture and Fisheries",2013,False
True,Robert Rioux,member,"Agriculture, Aquaculture and Fisheries",2013,False
False,Robert Rioux,Chairperson,"Agriculture, Aquaculture and Fisheries",2013,False
True,Maarten van Oord,member,"Agriculture, Aquaculture and Fisheries",2013,False
True,Kevin J. McKendy,member,"Agriculture, Aquaculture and Fisheries",2013,False
True,Joseph H. Rideout,member,"Agriculture, Aquaculture and Fisheries",2013,False
True,Edouard Williams,member,"Agriculture, Aquaculture and Fisheries",2013,False
True,Cathy LaRochelle,member,"Agriculture, Aquaculture and Fisheries",2013,False
False,Cathy LaRochelle,Vice-Chairperson,"Agriculture, Aquaculture and Fisheries",2013,False
True,Bill Levesque,member,"Agriculture, Aquaculture and Fisheries",2013,False
True,Thomas McCauley,alternate member,Health,2013,False
True,R. William (Bill) Adams,member,"Agriculture, Aquaculture and Fisheries",2013,False
False,Luc Beaulieu,Deputy Sheriff,Justice,2014,False
False,Lisette Noel,Deputy Sheriff,Justice,2014,False
False,Louis Cormier,Deputy Sheriff,Justice,2014,False
False,Luc Cormier,Deputy Sheriff,Justice,2014,False
False,Joey Landry,Deputy Sheriff,Justice,2014,False
False,Luke McMakin,Deputy Sheriff,Justice,2014,False
False,Lisa Doucette,Director,Social Development,2014,False
False,Malakyi Goldsworthy,Deputy Sheriff,Justice,2014,False
False,Lucas Manual,Deputy Sheriff,Justice,2014,False
False,Lee Corey,Chairman,Economic Development,2014,False
False,Joseph Savoie,Deputy Sheriff,Justice,2014,False
False,Kristopher Keith,Deputy Sheriff,Justice,2014,False
False,Krista Simmons,Deputy Sheriff,Justice,2014,False
False,Kim Embleton,Director,Social Development,2014,False
False,Kevin Miller,Deputy Sheriff,Justice,2014,False
False,Kevin Bouchard,Deputy Sheriff,Justice,2014,False
False,Kelly Rodgers-Sturgeon,Director,Social Development,2014,False
False,Keith Basque,Deputy Sheriff,Justice,2014,False
False,Justin Desroches,Deputy Sheriff,Justice,2014,False
False,Margaret Colter,Deputy Sheriff,Justice,2014,False
False,Larry Williams,Deputy Sheriff,Justice,2014,False
False,Marie-Anne Mazerolle,Deputy Sheriff,Justice,2014,False
False,Rodney Curtis,Deputy Sheriff,Justice,2014,False
False,Martin Richard,Deputy Sheriff,Justice,2014,False
False,Joel Basque,Deputy Sheriff,Justice,2014,False
False,Rodney Doucet,Deputy Sheriff,Justice,2014,False
False,Ronald McKeeman,Deputy Sheriff,Justice,2014,False
False,Ricky Ketch,Deputy Sheriff,Justice,2014,False
False,Richard Andrew Palmer,Provincial Court Judge,Justice,2014,False
False,Raymond Austin,Deputy Sheriff,Justice,2014,False
False,Peter Tremblay,Deputy Sheriff,Justice,2014,False
False,Peter Trask,Director,Social Development,2014,False
False,Paul Doiron,Deputy Sheriff,Justice,2014,False
False,Patrick Crawford,Deputy Sheriff,Justice,2014,False
False,Patrick Brogan,Deputy Sheriff,Justice,2014,False
False,Patrice Ouellette,Deputy Sheriff,Justice,2014,False
False,Oscar Masimengo,Deputy Sheriff,Justice,2014,False
False,Normand Pelletier,Deputy Sheriff,Justice,2014,False
False,Norman Brown,Deputy Sheriff,Justice,2014,False
False,Norah Mallory,member,"Tourism, Heritage and Culture",2014,False
False,Nicole Savoie,Deputy Sheriff,Justice,2014,False
False,Nathan Landry,Deputy Sheriff,Justice,2014,False
False,Michael Simonds,Deputy Sheriff,Justice,2014,False
False,Michael Breau,Deputy Sheriff,Justice,2014,False
False,Megan Currie,Deputy Sheriff,Justice,2014,False
False,Martial Cormier,Deputy Sheriff,Justice,2014,False
False,Joan McGowan,Director,Social Development,2014,False
False,Adam Bertolini,Deputy Sheriff,Justice,2014,False
False,Jenny Gallant,Deputy Sheriff,Justice,2014,False
False,Christopher Hogan,Deputy Sheriff,Justice,2014,False
False,Christine Allain,Deputy Sheriff,Justice,2014,False
False,Cherie Haas,Deputy Sheriff,Justice,2014,False
False,Chapelle LeBlanc,Deputy Sheriff,Justice,2014,False
False,Bryson Jenkins,Deputy Sheriff,Justice,2014,False
False,Brian Parker,Deputy Sheriff,Justice,2014,False
False,Brian MacAlpine,Deputy Sheriff,Justice,2014,False
False,Brenda Evans,Deputy Sheriff,Justice,2014,False
False,Auréle St-Amand,Deputy Sheriff,Justice,2014,False
False,Ashley Demerchant,Deputy Sheriff,Justice,2014,False
False,Arthur MacDonald,Deputy Sheriff,Justice,2014,False
False,Anthony Michaelson,Deputy Sheriff,Justice,2014,False
False,Anne-Marie Savoie,Deputy Sheriff,Justice,2014,False
False,Andrew Lajoie,Deputy Sheriff,Justice,2014,False
False,Andree Michaud,Deputy Sheriff,Justice,2014,False
False,Amélie Deschénes,Director,Social Development,2014,False
False,Amanda Wood,Deputy Sheriff,Justice,2014,False
False,Allan Thibodeau,Deputy Sheriff,Justice,2014,False
False,Tammy-Lee Thériault,Student Member,Post-Secondary Education Training and Labour,2014,False
False,Russell Kelly,Deputy Sheriff,Justice,2014,False
False,Michel Poirier,Mining Commissioner,Energy and Mines,2014,False
False,Clarence Morency,Deputy Sheriff,Justice,2014,False
False,Jessie Gamblin,Deputy Sheriff,Justice,2014,False
False,Colin Estabrooks,Deputy Sheriff,Justice,2014,False
False,Craig McRae,Deputy Sheriff,Justice,2014,False
False,Jeffrey Michaelson,Deputy Sheriff,Justice,2014,False
False,Jean-Daniel Roy,Deputy Sheriff,Justice,2014,False
False,Jean Rioux,Director,Social Development,2014,False
False,Jason Henderson,Deputy Sheriff,Justice,2014,False
False,Janet Ramey,Deputy Sheriff,Justice,2014,False
False,Herménégilde Chiasson,member,"Tourism, Heritage and Culture",2014,False
False,Glen Perron,Deputy Sheriff,Justice,2014,False
False,Gerald LeBlanc,Deputy Sheriff,Justice,2014,False
False,Gabrielle Sherwood,Deputy Sheriff,Justice,2014,False
False,Donald LeBlanc,Deputy Sheriff,Justice,2014,False
False,Dolore Lirette,Deputy Sheriff,Justice,2014,False
False,Dennis Gallant,Deputy Sheriff,Justice,2014,False
False,Denise Galley-Horncastle,Director,Social Development,2014,False
False,Debora Hallihan,Deputy Sheriff,Justice,2014,False
False,Debbie Maillet,Deputy Sheriff,Justice,2014,False
False,David Thebeau,Deputy Sheriff,Justice,2014,False
False,Danny Theriault,Deputy Sheriff,Justice,2014,False
False,Danny Cyr,Deputy Sheriff,Justice,2014,False
False,Daniel Parent,Deputy Sheriff,Justice,2014,False
False,Dale Kozak,Deputy Sheriff,Justice,2014,False
False,Craig Soucy,Deputy Sheriff,Justice,2014,False
False,Craig Hughes,Deputy Sheriff,Justice,2014,False
False,Russell Morrison,Deputy Sheriff,Justice,2014,False
True,Robert W. Hewitson,coroner,Public Safety,2014,False
False,Ryan Durdan,Deputy Sheriff,Justice,2014,False
False,Rick Doucet,Member,Board of Management,2014,False
False,Francine Landry,Member,Board of Management,2014,False
False,Edward Doherty,Member,Board of Management,2014,False
False,Denis Landry,Vice-Chairperson,Board of Management,2014,False
False,Brian Gallant,Member,Board of Management,2014,False
False,Victor Eric Boudreau,Minister of Health,Executive Council Office,2014,False
False,Stephen Byron Horsman,member of the Executive Council,Executive Council Office,2014,False
False,Serge Rousselle,Minister of Education and Early Childhood Development and Attorney General,Executive Council Office,2014,False
False,Serge Rousselle,Minister of Education and Early Childhood Development and Attorney General,Executive Council Office,2014,True
False,Roger Melanson,Chairperson,Board of Management,2014,False
False,Serge Rousselle,Her Majesty's Counsel,Office of the Attorney General,2014,False
False,Roger Luc Melanson,Minister of Finance and Minister of Transportation and Infrastructure,Executive Council Office,2014,False
False,Robert Rioux,"Deputy Minister of Tourism, Heritage and Culture","Agriculture, Aquaculture and Fisheries",2014,False
False,Robert Rioux,"Deputy Minister of Tourism, Heritage and Culture","Agriculture, Aquaculture and Fisheries",2014,True
False,Richard Michael Doucet,"Minister of Economic Development and Minister of Agriculture, Aquaculture and Fisheries",Executive Council Office,2014,False
False,Kelli Simmonds,Deputy Minister of Environment and Local Government,"Agriculture, Aquaculture and Fisheries",2014,False
False,Kelli Simmonds,Deputy Minister of Environment and Local Government,"Agriculture, Aquaculture and Fisheries",2014,True
False,Jean-Marc Dupuis,Acting Deputy Minister of Finance,"Agriculture, Aquaculture and Fisheries",2014,False
False,Jean-Marc Dupuis,Acting Secretary of the Board of Management,"Agriculture, Aquaculture and Fisheries",2014,False
False,Jean-Marc Dupuis,Acting Deputy Minister of Finance,"Agriculture, Aquaculture and Fisheries",2014,True
False,Serge Rousselle,member of the Executive Council,Executive Council Office,2014,False
False,Stephen Horsman,Member,Board of Management,2014,False
False,George A. McAllister,Her Majesty's Counsel,Justice,2014,False
False,George H. LeBlanc,Her Majesty's Counsel,Justice,2014,False
True,Marie Boutot,Board of Governors Member,Post-Secondary Education Training and Labour,2014,False
False,Kelli Simmonds,chairman,Executive Council Office,2014,False
True,Terry Richardson,coroner,Public Safety,2014,False
True,Paul F. McCarthy,coroner,Public Safety,2014,False
False,Edgar Landry,lay representative,Health,2014,False
True,Doug Arch,coroner,Public Safety,2014,False
True,Dominick Nadeau,coroner,Public Safety,2014,False
False,Raymond Doiron,member,Healthy and Inclusive Communities,2014,False
False,Denis Leger,member and chair,Healthy and Inclusive Communities,2014,False
False,Gregory A. MacLean,alternate chair,Health,2014,False
False,Denise A. LeBlanc,chair,Health,2014,False
False,Isaac Standring,Student Member,Post-Secondary Education Training and Labour,2014,False
False,Willard M. Jenkins,Her Majesty's Counsel,Justice,2014,False
False,Stewart C. Paul,Her Majesty's Counsel,Justice,2014,False
False,Robert M. Creamer,Her Majesty's Counsel,Justice,2014,False
False,Maryléne Pilote,Her Majesty's Counsel,Justice,2014,False
False,Larry Landry,Her Majesty's Counsel,Justice,2014,False
False,Kelly Ann Winchester,Her Majesty's Counsel,Justice,2014,False
False,Jean Finn,Acting President,Energy Efficiency and Conservation Agency of New Brunswick,2014,False
False,Heather Doyle Landry,Her Majesty's Counsel,Justice,2014,False
False,Harold R. Grew,Her Majesty's Counsel,Justice,2014,False
False,Jean-Marc Dupuis,Acting Secretary of the Board of Management,"Agriculture, Aquaculture and Fisheries",2014,True
False,Jane Garbutt,President,"Agriculture, Aquaculture and Fisheries",2014,False
False,Jane Garbutt,Deputy Minister of Government Services,"Agriculture, Aquaculture and Fisheries",2014,False
False,Jane Garbutt,President,"Agriculture, Aquaculture and Fisheries",2014,True
False,Heather Black,Public Intervener,Office of the Attorney General,2014,False
False,George Estey,member representing appointments,Post-Secondary Education Training and Labour,2014,False
False,France Chassé,member,Health,2014,False
False,Deborah Harding,member,Health,2014,False
False,Anne McKay,sheriff,Public Safety,2014,False
False,Anne McKay,Chief Sheriff,Public Safety,2014,False
False,Andrew Dawson,member,Justice,2014,False
False,William Mattsson,Deputy Sheriff,Justice,2014,False
False,William Keenan,Deputy Sheriff,Justice,2014,False
False,Wanda Bonner,Deputy Sheriff,Justice,2014,False
False,Twyla Carr,Deputy Sheriff,Justice,2014,False
False,Todd Fulton,Deputy Sheriff,Justice,2014,False
False,Timothy Rooney,Deputy Sheriff,Justice,2014,False
False,Timothy Fennell,Deputy Sheriff,Justice,2014,False
False,Tim Geldart,Deputy Sheriff,Justice,2014,False
False,Sébastien Fontaine,Deputy Sheriff,Justice,2014,False
False,Sébastien Cyr,Deputy Sheriff,Justice,2014,False
False,Stéphanie Lagace,Deputy Sheriff,Justice,2014,False
False,Stéphane Lizotte,Deputy Sheriff,Justice,2014,False
False,Stephen Smith,member,"Tourism, Heritage and Culture",2014,False
False,Stephen McDaid,Deputy Sheriff,Justice,2014,False
False,James Robert Jessop,member,Justice,2014,False
False,Ryan Court,Deputy Sheriff,Justice,2014,False
True,Jean-Claude Pelletier,Chairperson,Health,2014,False
False,John Demmings,Worker's Advocate,Post-Secondary Education Training and Labour,2014,False
False,Francine Landry,"Minister of Post-Secondary Education, Training and Labour",Executive Council Office,2014,False
False,Francine Landry,member of the Executive Council,Executive Council Office,2014,False
False,Edward Joseph Doherty,Minister of Government Services,Executive Council Office,2014,False
False,Edith Doucet,Acting Deputy Minister of Healthy and Inclusive Communities,"Agriculture, Aquaculture and Fisheries",2014,False
False,Edith Doucet,Acting Deputy Minister of Healthy and Inclusive Communities,"Agriculture, Aquaculture and Fisheries",2014,True
False,Donald Arseneault,Minister of Energy and Mines,Executive Council Office,2014,False
False,Donald Arseneault,member of the Executive Council,Executive Council Office,2014,False
False,Denis Landry,member of the Executive Council,Executive Council Office,2014,False
False,Denis Caron,"Acting Deputy Minister of Agriculture, Aquaculture and Fisheries","Agriculture, Aquaculture and Fisheries",2014,False
False,Denis Caron,"Acting Deputy Minister of Agriculture, Aquaculture and Fisheries","Agriculture, Aquaculture and Fisheries",2014,True
False,Cathy Lynn Rogers,Minister of Social Development and Minister of Healthy and Inclusive Communities,Executive Council Office,2014,False
False,Cathy Lynn Rogers,member of the Executive Council,Executive Council Office,2014,False
False,Brian Andrew Kenny,Minister of Environment and Local Government,Executive Council Office,2014,False
False,Brian Alexander Gallant,member of the Executive Council,Executive Council Office,2014,False
False,Brian Alexander Gallant,member of the Executive Council,Executive Council Office,2014,True
False,Bill Fraser,"Minister of Tourism, Heritage and Culture",Executive Council Office,2014,False
False,Alain Basque,"Acting Deputy Minister of Tourism, Heritage and Culture","Tourism, Heritage and Culture",2014,False
True,Pierre McGraw,member,"Tourism, Heritage and Culture",2014,False
True,Mike Jenkins,member of the Board of Directors,New Brunswick Liquor Corporation,2014,False
False,Lynn Murphy-Kaulbeck,member,Health,2014,False
False,Joyce Albert,member,Health,2014,False
True,Jean-Claude Pelletier,member,Health,2014,False
False,Louis Benoit,Board of Governors Member,Post-Secondary Education Training and Labour,2014,False
False,Marc E. Smith,member of the Board of Directors,"Tourism, Heritage and Culture",2014,False
False,Jean-Jacques Roy,Board of Governors Member,Post-Secondary Education Training and Labour,2014,False
True,Gerrie LeBlanc,member,Social Development,2014,False
False,Edward Barrett,director,Energy and Mines,2014,False
True,Edward Barrett,Chair,Energy and Mines,2014,False
True,D. Andrew Rouse,member of the Board of Directors,"Tourism, Heritage and Culture",2014,False
False,Chuck Firlotte,director,Energy and Mines,2014,False
False,Christopher M. Hand,member of the Board of Directors,"Tourism, Heritage and Culture",2014,False
False,Barbara Trenholm,director,Energy and Mines,2014,False
True,Allison Walker,member of the Board of Directors,"Tourism, Heritage and Culture",2014,False
False,Johanne C. Bray,Deputy Minister of Justice and Deputy Attorney General,Executive Council Office,2014,False
False,Gildard Chiasson,Vice-Chair,Social Development,2014,False
False,William Burroughs,Member of the Appeal Board on Teacher Certification,Education and Early Childhood Development,2014,False
False,Struan W. Smith,Vice-chair of the Appeal Board on Teacher Certification representing the Anglophone community,Education and Early Childhood Development,2014,False
False,Stacey Stairs,Member of the Appeal Board on Teacher Certification,Education and Early Childhood Development,2014,False
False,Ron Buck,Member of the Appeal Board on Teacher Certification,Education and Early Childhood Development,2014,False
False,Roger Nesbitt,Member of the Appeal Board on Teacher Certification,Education and Early Childhood Development,2014,False
True,René Landry,member,Post-Secondary Education Training and Labour,2014,False
False,Raymond Murphy,Member of the Appeal Board on Teacher Certification,Education and Early Childhood Development,2014,False
True,Nicole Logan-DeMerchant,lay representative,Health,2014,False
False,Monica L. Barley,Chair of the Financial and Consumer Services Tribunal,Justice,2014,False
False,Melanie McGrath,Chair of the Appeal Board on Teacher Certification,Education and Early Childhood Development,2014,False
False,Suzanne Gallant,Member of the Appeal Board on Teacher Certification,Education and Early Childhood Development,2014,False
False,Helen Jean Newman,member of the Board of Directors,"Tourism, Heritage and Culture",2014,False
True,Jan Rowinski,member of the Board of Directors,"Tourism, Heritage and Culture",2014,False
True,Jeanie Saunders,member,Social Development,2014,False
False,Anna Goddard,trustee,Post-Secondary Education Training and Labour,2014,False
False,George Filliter,Chairperson,Post-Secondary Education Training and Labour,2014,False
True,Satyendra Satyanarayana,alternate member (psychiatrist),Health,2014,False
True,Moses A. Alatishe,alternate member (psychiatrist),Health,2014,False
True,Maureen Wallace,appointment representative on the Board of Directors,Post-Secondary Education Training and Labour,2014,False
True,Jerome Doucet,member (psychiatrist),Health,2014,False
True,Donald MacLean,Vice-Chairperson,Post-Secondary Education Training and Labour,2014,False
True,Brian D. Bruce,Vice-Chairperson,Post-Secondary Education Training and Labour,2014,False
False,Patrick Francis,member of the Board of Directors,Finance,2014,False
False,Lyne A. Thériault,Chair of the Pension Board,Environment and Local Government,2014,False
False,lan G. Stead,member of the Board of Directors,"Tourism, Heritage and Culture",2014,False
True,William George Bensen,member of the Board of Directors,"Tourism, Heritage and Culture",2014,False
True,Pam Gagnon,member of the Board of Directors,Education and Early Childhood Development,2014,False
False,Nancy Boucher,member of the Board of Directors,Education and Early Childhood Development,2014,False
False,Mike Wilson,director,Energy and Mines,2014,False
False,Mark Reddemann,director,Energy and Mines,2014,False
True,Mark McCauley,member of the Board of Directors,"Tourism, Heritage and Culture",2014,False
True,Margaret Kirkpatrick,member,Social Development,2014,False
True,M. Dawn Bremner,member of the Board of Directors,"Tourism, Heritage and Culture",2014,False
False,Judith Athaide,director,Energy and Mines,2014,False
False,Juan Estepa,member of the Board of Directors,"Tourism, Heritage and Culture",2014,False
False,Melanie Cyr Tompkins,Vice-chair of the Appeal Board on Teacher Certification representing the Francophone community,Education and Early Childhood Development,2014,False
False,Marielle Levesque,Member of the Appeal Board on Teacher Certification,Education and Early Childhood Development,2014,False
False,Marc Girouard,Member of the Appeal Board on Teacher Certification,Education and Early Childhood Development,2014,False
False,Louise Robichaud,lay representative,Health,2014,False
False,John M. Hanson,member,Justice,2014,False
False,Jean LeBlanc,member,Justice,2014,False
False,Gerry Legere,member,Justice,2014,False
False,Don Moors,member,Justice,2014,False
False,Monique Noél,Returning Officer,Elections New Brunswick,2014,False
False,Louiselle Bastille,Returning Officer,Elections New Brunswick,2014,False
False,Elaine Reid,Returning Officer,Elections New Brunswick,2014,False
False,Yassin Choukri,reviewing officer,Justice,2014,False
False,Shelley R. Dumouchel,reviewing officer,Justice,2014,False
False,Robert McFadden,member,Justice,2014,False
False,Richard Oulton,Chairperson,Justice,2014,False
False,Richard E. DeBow,reviewing officer,Justice,2014,False
False,Michael S. Dean,reviewing officer,Justice,2014,False
False,John M. Hanson,reviewing officer,Justice,2014,False
False,Jason T. Dempsey,reviewing officer,Justice,2014,False
False,James Yerxa,reviewing officer,Justice,2014,False
False,James A. Whelly,reviewing officer,Justice,2014,False
False,Donald F. Cullinan,reviewing officer,Justice,2014,False
True,Donald Dalling,commissioner,Finance,2014,False
False,Brian Harriman,President,New Brunswick Liquor Corporation,2014,False
False,A. Kent Robinson,reviewing officer,Justice,2014,False
True,Hannah Searle,member nominated by the Minister,"Agriculture, Aquaculture and Fisheries",2014,False
False,Anne Gauvin,trustee,Post-Secondary Education Training and Labour,2014,False
True,Katherine Trueman,consumer representative,"Agriculture, Aquaculture and Fisheries",2014,False
True,Leopold Bourgeois,producer representative,"Agriculture, Aquaculture and Fisheries",2014,False
False,Gilles Bourque,Member of the Appeal Board on Teacher Certification,Education and Early Childhood Development,2014,False
False,Francine Cyr,Member of the Appeal Board on Teacher Certification,Education and Early Childhood Development,2014,False
True,Emil T. Olsen,member,Post-Secondary Education Training and Labour,2014,False
False,Douglas Browne,Fire Marshal,Public Safety,2014,False
False,Chantal Duguay,Member of the Appeal Board on Teacher Certification,Education and Early Childhood Development,2014,False
False,L. Craig Dalton,Deputy Minister of Public Safety,Executive Council Office,2014,False
False,Mary Jane Richards,Associate Chief Judge,Justice,2014,False
False,Donald Boudreau,Clerk of the Trial Division,Justice,2014,False
False,Donald Boudreau,deputy registrar,Justice,2014,False
False,Donald Boudreau,Clerk,Justice,2014,False
False,Donald Boudreau,Administrator of the Family Division,Justice,2014,False
False,Brian C. McLean,Judge,Justice,2014,False
True,Nathalie Godbout,alternate chair,Health,2014,False
False,"Yves Gagnon, PMP.",Member,Justice,2014,False
False,Tom Maston,Acting Deputy Minister of Health,Executive Council Office,2014,False
False,Ms. Lelanda Paterson,Returning Officer,Elections New Brunswick,2014,False
False,Marc Léger,Acting Clerk of the Executive Council Office and Acting Secretary to Cabinet,Executive Council Office,2014,False
False,Marc Léger,Acting Deputy Minister of the Executive Council Office,Executive Council Office,2014,False
False,Gregory Francis Thompson,Member,Justice,2014,False
False,Jean-René Noél,Board of Governors Member,Post-Secondary Education Training and Labour,2014,False
False,"Douglas Baker, CA",Member,Justice,2014,False
True,Leigh Mullin,producer representative,"Agriculture, Aquaculture and Fisheries",2014,False
False,D. Ellen Cook,member nominated by the Board of Governors,Post-Secondary Education Training and Labour,2014,False
True,Georges Leger,member,Justice,2014,False
True,Duane Augustine,coroner,Public Safety,2014,False
True,Jennifer Melanson,member,Healthy and Inclusive Communities,2014,False
False,Jean-Raymond Wade,Interim Chairperson of the Appeals Tribunal,Post-Secondary Education Training and Labour,2014,False
False,Haley Flaro,member,Healthy and Inclusive Communities,2014,False
False,Derek Oland,Vice-Chair,Healthy and Inclusive Communities,2014,False
True,Winston Johnson,member,"Agriculture, Aquaculture and Fisheries",2014,False
False,Tony Collin,inspector,Public Safety,2014,False
False,Serge Laplante,representative of the forest industry on the Forest Audit Appeal Board,Natural Resources,2014,False
False,Robert M. Boudreau,Acting Chairperson,Environment and Local Government,2014,False
False,Richard Jones,Chairperson,Energy Efficiency and Conservation Agency of New Brunswick,2014,False
False,Pierre Mezetta,representative of the forest industry on the Forest Audit Appeal Board,Natural Resources,2014,False
False,Michael O’Blenis,Member representing the forest industries,Natural Resources,2014,False
False,Mary Gatien,inspector of anatomy,Health,2014,False
False,Kier Miller,chairman,"Agriculture, Aquaculture and Fisheries",2014,False
False,Kevin Larlee,representative of the forest industry on the Forest Audit Appeal Board,Natural Resources,2014,False
False,Kevin Jewett,representative of the forest industry on the Forest Audit Appeal Board,Natural Resources,2014,False
False,Kevin Barry,representative of the forest industry on the Forest Audit Appeal Board,Natural Resources,2014,False
False,Jonathan Roch Noel,Expropriation Advisory Officer,Office of the Attorney General,2014,False
False,Jean-Guy Marquis,"Member, Board of Directors",Energy Efficiency and Conservation Agency of New Brunswick,2014,False
False,Hans Bouma,Member representing producers,Natural Resources,2014,False
False,Giséle Levesque,Vice-Chairperson,Energy Efficiency and Conservation Agency of New Brunswick,2014,False
False,Gerard Robichaud,Member representing the forest industries,Natural Resources,2014,False
False,Jessica Bragdon,member,Post-Secondary Education Training and Labour,2014,False
False,Francois Beaulieu,Member,Energy and Mines,2014,False
True,Juanita Black,member,Healthy and Inclusive Communities,2014,False
True,Lucie Robichaud,member,Healthy and Inclusive Communities,2014,False
True,Douglas Wayne Getty,coroner,Public Safety,2014,False
False,Terry Totten,Members of the Small Claims Complaints Committee Panel,Justice,2014,False
False,Struan Smith,Members of the Small Claims Complaints Committee Panel,Justice,2014,False
False,Robert Kierstead,Members of the Small Claims Complaints Committee Panel,Justice,2014,False
False,Michel Doiron,Members of the Small Claims Complaints Committee Panel,Justice,2014,False
False,Marc Wagg,Worker's Advocate,Post-Secondary Education Training and Labour,2014,False
False,Karen Murdock,member,Economic Development,2014,False
False,Jeff Jennings,member,Economic Development,2014,False
False,Jean Boudreau,member,Economic Development,2014,False
False,Janet Gagnon,member,Economic Development,2014,False
False,Docile Cormier,Members of the Small Claims Complaints Committee Panel,Justice,2014,False
False,Cindy Howe,Members of the Small Claims Complaints Committee Panel,Justice,2014,False
False,Bernard Morin,member,Economic Development,2014,False
False,Wayne McDonald,member,Post-Secondary Education Training and Labour,2014,False
False,Steve Lambert,member,Healthy and Inclusive Communities,2014,False
False,Roger Martin,Vice-Chair,Healthy and Inclusive Communities,2014,False
False,Paul Martin,Comptroller,Finance,2014,False
False,Paul Elliot,member,Post-Secondary Education Training and Labour,2014,False
True,Monique Richard,Vice-Chair,Healthy and Inclusive Communities,2014,False
True,Michele Caron,member representative of workers,Post-Secondary Education Training and Labour,2014,False
False,Mark Gaudet,member of the board of directors,Transportation,2014,False
True,Leonard Lee-White,member of the board of directors,Transportation,2014,False
False,Francois Beaulieu,Vice-Chairperson,Energy and Mines,2014,False
True,Susan Murchison,member,Post-Secondary Education Training and Labour,2014,False
False,Darlene Dorothea Tapley,"Member, Board of Directors",Energy Efficiency and Conservation Agency of New Brunswick,2014,False
True,James A. Pickett,Member representing Region Eleven,Environment and Local Government,2014,False
False,Gerry Legere,Member representing Region Three,Environment and Local Government,2014,False
True,Gerard Robichaud,Member representing Region Four,Environment and Local Government,2014,False
False,Gary W. Hickey,Member representing Region Five,Environment and Local Government,2014,False
True,Fernande Chouinard,public representative,Health,2014,False
False,Eldon Joseph Bernard,member,"Tourism, Heritage and Culture",2014,False
False,David W. Wishart,Alternate member representing Region Eleven,Environment and Local Government,2014,False
True,David F. Hildebrand,Member representing Region Nine,Environment and Local Government,2014,False
True,Alexander D. Livingstone,Member representing Region Eight,Environment and Local Government,2014,False
True,Michael Bronson,Member representing Region Eight,Environment and Local Government,2014,False
False,Adrien Léger,Member representing Region Two,Environment and Local Government,2014,False
True,Robert W. Moore,coroner,Public Safety,2014,False
True,Peter Kiervin,coroner,Public Safety,2014,False
True,Nicole Hachey,coroner,Public Safety,2014,False
True,Mel Parker,trustee,Post-Secondary Education Training and Labour,2014,False
False,Marco Daigle,director,Finance,2014,False
True,Jonathan Fulljames,coroner,Public Safety,2014,False
True,John Evans,coroner,Public Safety,2014,False
False,David Seeley,member,"Agriculture, Aquaculture and Fisheries",2014,False
False,Janet Williams,Chairperson,Post-Secondary Education Training and Labour,2014,False
False,Cyril Donahue,returning officer,Elections New Brunswick,2014,False
False,Oneil E. Ouellet,member,"Agriculture, Aquaculture and Fisheries",2014,False
True,Robert S. Hart,coroner,Public Safety,2014,False
True,Plen W. Dickson,Member representing Region Four,Environment and Local Government,2014,False
True,Claude Pelletier,Member representing producers,Natural Resources,2014,False
False,Cory Culberson,vice-chairman,"Agriculture, Aquaculture and Fisheries",2014,False
True,Paul B. DeMerchant,Member representing Region Eleven,Environment and Local Government,2014,False
False,C. Dwight Allaby,Vice-Chairperson,Environment and Local Government,2014,False
False,Brigitte Ouellette,Vice-Chairperson,Environment and Local Government,2014,False
False,Brian Antworth,member,"Agriculture, Aquaculture and Fisheries",2014,False
True,Tom Mann,Member,Economic Development,2014,False
True,Robert MacLeod,Vice Chair,Economic Development,2014,False
True,René Boudreau,Member,Economic Development,2014,False
True,Leonard Lee-White,Member,Economic Development,2014,False
True,Jean Finn,Member,Economic Development,2014,False
True,Robert Rioux,Member,Economic Development,2014,False
True,Denis Caron,Chair,Economic Development,2014,True
True,Bill Levesque,Member,Economic Development,2014,False
False,Richard Levesque,Member representing Region Ten,Environment and Local Government,2014,False
False,Kevin McKendy,member nominated by the Minister,"Agriculture, Aquaculture and Fisheries",2014,False
False,Joan Cripps,member,Social Development,2014,False
False,Jacqueline Carrier,member,Social Development,2014,False
False,Gary Bell,member,Social Development,2014,False
True,Eric Beaulieu,Secretary,Economic Development,2014,False
True,Wayne Sturgeon,Alternate member representing Region Eight,Environment and Local Government,2014,False
True,Wayne Trail,public representative,Health,2014,False
False,Johanne Bray,Acting Deputy Minister of Public Safety,Executive Council Office,2015,False
True,Wiktor Askanas,member of the Board of Directors,Finance,2015,False
False,Wiktor Askanas,Vice-Chairperson of the Board of Directors,Finance,2015,False
False,Stephane Hebert,inspector,Public Safety,2015,False
True,Reno Theriault,member of the Board of Directors,Finance,2015,False
True,Michael Walton,member of the Board of Directors,Finance,2015,False
False,Michael Walton,Chairperson of the Board of Directors,Finance,2015,False
False,Martha O'Sullivan,member,Natural Resources,2015,False
False,Jordan Eric O'Brien,Chief of Staff and Deputy Minister,Executive Council Office,2015,False
False,Carol Dixon,member,Natural Resources,2015,False
False,Judy Wagner,Secretary to Cabinet,Executive Council Office,2015,False
False,Eleanor Leonard,returning officer,Elections New Brunswick,2015,False
False,Donna Bovolaneas,member of the Board of Directors,Finance,2015,False
False,Philippe LeBreton,inspector,Public Safety,2015,False
False,Judy Wagner,Deputy Minister of the Executive Council Office,Executive Council Office,2015,False
False,Mary-Eileen O'Brien,member,Service New Brunswick,2015,False
True,J. Christopher Nagle,member of the Board of Governors,Post-Secondary Education Training and Labour,2015,False
True,Bill Levesque,member,Regional Development Corporation,2015,False
False,Roland T. Cormier,member,Service New Brunswick,2015,False
True,Ronald Cormier,Chair,Public Safety,2015,False
False,Rachelle Gagnon,Vice-Chair,Service New Brunswick,2015,False
False,Rachelle Gagnon,member,Service New Brunswick,2015,False
False,Rachel Arseneau-Ferguson,member,Service New Brunswick,2015,False
False,Nathalie Chiasson,Chairperson,Post-Secondary Education Training and Labour,2015,False
False,Mireille Saulnier,member,Service New Brunswick,2015,False
False,Garth Lawson,member,Service New Brunswick,2015,False
False,Beth Webster,Chair,Service New Brunswick,2015,False
False,Beth Webster,member,Service New Brunswick,2015,False
False,Thomas Gribbons,member of the Board of Governors,Post-Secondary Education Training and Labour,2015,False
False,Robyn Tingley,member of the Board of Governors,Post-Secondary Education Training and Labour,2015,False
False,Joel Attis,member of the Board of Governors,Post-Secondary Education Training and Labour,2015,False
False,Janet Hoyt,member of the Board of Governors,Post-Secondary Education Training and Labour,2015,False
False,L. Craig Dalton,Deputy Minister of Social Development,Executive Council Office,2015,False
False,Ronald Cormier,Chair,Public Safety,2015,True
False,Cheryl LeBlanc,Member,Office of the Premier,2015,False
True,Judith Lane,employer representative,Post-Secondary Education Training and Labour,2015,False
False,Christina Burke,coroner,Public Safety,2015,False
False,Carter Edwin Stone,coroner,Public Safety,2015,False
False,Brian McCain,Member of the Board of Directors,Government Services,2015,False
True,Andrew Daley,Member,Office of the Premier,2015,False
False,Gordon Gilman,Acting Chief Executive Officer,Executive Council Office,2015,False
False,Kathy Briggs,Chair,Social Development,2015,False
True,Christine Evans,Member,Office of the Premier,2015,False
False,Sheila Murray,member,Environment and Local Government,2015,False
True,Marielle Caron,trustee,Post-Secondary Education Training and Labour,2015,False
False,Jeanne Smith,alternate member,Environment and Local Government,2015,False
False,Harvey Leger,member,Environment and Local Government,2015,False
False,Bill Levesque,Acting President,Executive Council Office,2015,False
False,Bonnie Murray,Worker's Advocate,Post-Secondary Education Training and Labour,2015,False
False,Bill Levesque,"Acting Deputy Minister of Agriculture, Aquaculture and Fisheries",Executive Council Office,2015,False
False,Monica Mallowan,trustee,Post-Secondary Education Training and Labour,2015,False
False,Donat Paulin,coroner,Public Safety,2015,False
False,Gail Maxwell,coroner,Public Safety,2015,False
False,Joanna Bernard,Member of the Board of Directors,Government Services,2015,False
False,James Stanley,worker representative,Post-Secondary Education Training and Labour,2015,False
True,Hector Losier,worker representative,Post-Secondary Education Training and Labour,2015,False
True,Shelly Dauphinee,Governor,Post-Secondary Education Training and Labour,2015,False
False,Rachel Bard,nominee of the Minister,Post-Secondary Education Training and Labour,2015,False
False,Melanie Paulin-Gagnon,person nominated by the Board,Post-Secondary Education Training and Labour,2015,False
False,Janice Goguen,nominee of the Minister,Post-Secondary Education Training and Labour,2015,False
False,Charles Bernard,nominee of the Minister,Post-Secondary Education Training and Labour,2015,False
False,Anne Hebert,person nominated by the Board,Post-Secondary Education Training and Labour,2015,False
True,Sheila Rogers,Member,Office of the Premier,2015,False
False,Ron Caron,coroner,Public Safety,2015,False
False,Nicholas Ganong,Member of the Board of Directors,Government Services,2015,False
False,Monique Morin,coroner,Public Safety,2015,False
False,Luc Blaquiere,coroner,Public Safety,2015,False
False,John Wood,Member,Office of the Premier,2015,False
False,John Duplessie,coroner,Public Safety,2015,False
False,France Levesque-Ouellette,member,Public Safety,2015,False
False,Caroline Del Frate,Worker's Advocate,Post-Secondary Education Training and Labour,2015,False
False,Anne MacKnight,member of the Board of Examiners,Natural Resources,2015,False
False,Cheryl Digdon,Worker's Advocate,Post-Secondary Education Training and Labour,2015,False
False,Donna Gauthier,municipal returning officer,Elections New Brunswick,2015,False
False,Cyril Donahue,municipal returning officer,Elections New Brunswick,2015,False
False,Charles Murray,Acting Consumer Advocate for Insurance,Executive Council Office,2015,False
False,Anne Bertrand,Acting Conflict of Interest Commissioner,Executive Council Office,2015,False
False,Patrick Windle,Registrar of Partnerships and Business Names,Service New Brunswick,2015,False
False,Patrick Windle,Director,Service New Brunswick,2015,False
False,Francine Mulherin,municipal returning officer,Elections New Brunswick,2015,False
False,Shelley Dumouchel,alternate chair,Health,2015,False
False,Kimberly Snow,Chief Rentalsman,Service New Brunswick,2015,False
False,Cheryl Johnson,alternate chair,Health,2015,False
False,Louise Caissie,alternate chair,Health,2015,False
False,Chantal N. Daigle,Case Management Master,Office of the Attorney General,2015,False
False,Patrick Lacroix,member of the Board of Governors,Post-Secondary Education Training and Labour,2015,False
False,Mary Carpenter,member of the Board of Governors,Post-Secondary Education Training and Labour,2015,False
False,Lynn Francis,"member of the Apprenticeship and Occupational Certification Board, representing employers",Post-Secondary Education Training and Labour,2015,False
False,John Kowtaluk,member of the Board of Governors,Post-Secondary Education Training and Labour,2015,False
True,Jean B. Plourde,chairman,Health,2015,False
False,Mark Guindon,municipal returning officer,Elections New Brunswick,2015,False
False,Nicole McKenna,Occupational Health and Safety Officer,Post-Secondary Education Training and Labour,2015,False
False,Zach Painter,Student Member of the Board of Governors,Post-Secondary Education Training and Labour,2015,False
False,Weldon McLaughlin,municipal returning officer,Elections New Brunswick,2015,False
False,Therese Roy,alternate member,Health,2015,False
False,Simmone Belliveau,municipal returning officer,Elections New Brunswick,2015,False
False,Sandra Clark,municipal returning officer,Elections New Brunswick,2015,False
False,Lois Demmings,municipal returning officer,Elections New Brunswick,2015,False
False,Roberta Dugas,Member of the Board of Directors,Executive Council Office,2015,False
False,Richard Mackie,municipal returning officer,Elections New Brunswick,2015,False
False,Pierre Godin,alternate member,Health,2015,False
False,Patti Nason,municipal returning officer,Elections New Brunswick,2015,False
False,O'Neil Arseneau,municipal returning officer,Elections New Brunswick,2015,False
False,Mel Parker,municipal returning officer,Elections New Brunswick,2015,False
False,Megan Harmon,municipal returning officer,Elections New Brunswick,2015,False
False,Richard Thorne,municipal returning officer,Elections New Brunswick,2015,False
False,Doreen Saulis,member of the Board of Governors,Post-Secondary Education Training and Labour,2015,False
False,Virginia Manzer,Worker's Advocate,Post-Secondary Education Training and Labour,2015,False
False,The Hon. Joseph T. Robertson,Her Majesty's Counsel,Office of the Attorney General,2015,False
False,Jean Finn,member,Regional Development Corporation,2015,False
False,James Whelly,Vice-Chairperson,Post-Secondary Education Training and Labour,2015,False
False,James A. Connely,Vice-Chairperson,Post-Secondary Education Training and Labour,2015,False
False,Jacques Pinet,member,Regional Development Corporation,2015,False
True,Guy Dumas,chair,Health,2015,False
True,Gordon Friars,coroner,Public Safety,2015,True
False,Jean-Marc Daigle,Worker's Advocate,Post-Secondary Education Training and Labour,2015,False
False,George P. Filliter,Her Majesty's Counsel,Office of the Attorney General,2015,False
False,Ellen C. Desmond,Her Majesty's Counsel,Office of the Attorney General,2015,False
False,Edith Doucet,member,Regional Development Corporation,2015,False
True,David Farrow,coroner,Public Safety,2015,False
False,David Boudreau,Student Member,Post-Secondary Education Training and Labour,2015,False
False,Christian E. Michaud,Her Majesty's Counsel,Office of the Attorney General,2015,False
False,Cheryl Geldart Greer,member,Finance,2015,False
False,Francine Dallaire,Worker's Advocate,Post-Secondary Education Training and Labour,2015,False
False,Johanne Bray,Her Majesty's Counsel,Office of the Attorney General,2015,False
True,John Demmings,Worker's Advocate,Post-Secondary Education Training and Labour,2015,True
False,Josee Turgeon-Roy,lay representative,Health,2015,False
False,Stephen Lund,member,Regional Development Corporation,2015,False
False,Roger Gagnon,Worker's Advocate,Post-Secondary Education Training and Labour,2015,False
False,Roger Caissie,Worker's Advocate,Post-Secondary Education Training and Labour,2015,False
False,Rita Godin,Her Majesty's Counsel,Office of the Attorney General,2015,False
True,Rina Arseneault,member,Health,2015,False
False,Mona Levesque,member,Health,2015,False
False,Michele Pelletier,Vice-Chairperson,Post-Secondary Education Training and Labour,2015,False
False,Michael D. Brenton,Her Majesty's Counsel,Office of the Attorney General,2015,False
True,Michael Allen Woodrow,coroner,Public Safety,2015,False
False,Lynn Chaplin,part-time member,Public Safety,2015,False
False,Luc Blacquiere,member,Health,2015,False
False,Louise B. Somers,Her Majesty's Counsel,Office of the Attorney General,2015,False
False,Kelly T. VanBuskirk,Her Majesty's Counsel,Office of the Attorney General,2015,False
False,Kelly Cain,member,Regional Development Corporation,2015,False
False,Kelli Simmonds,member,Regional Development Corporation,2015,False
False,Charles V. Kingston,Her Majesty's Counsel,Office of the Attorney General,2015,False
False,Nathalie Dubois,member of the Board of Governors,"Tourism, Heritage and Culture",2015,False
False,Lucien Sonier,employer representative,Post-Secondary Education Training and Labour,2015,False
False,Francois Boudreau,Occupational Health and Safety Officer,Post-Secondary Education Training and Labour,2015,False
False,Timothy Rooney,Deputy Sheriff,Justice,2015,True
False,Tim Geldart,Deputy Sheriff,Justice,2015,True
False,Stephen Lund,Deputy Minister of Economic Development,Executive Council Office,2015,False
False,Scott Hamilton,Deputy Sheriff,Justice,2015,False
False,Santina Bosca,Deputy Sheriff,Justice,2015,False
False,Ryan Martin,Deputy Sheriff,Justice,2015,False
False,Tina Thibodeau,member,Healthy and Inclusive Communities,2015,False
False,Ryan Court,Deputy Sheriff,Justice,2015,True
False,Ronald Crawford,Deputy Sheriff,Justice,2015,False
False,Rodrique Michaud,Deputy Sheriff,Justice,2015,False
False,Ricky Ketch,Deputy Sheriff,Justice,2015,True
False,Renee LaForest,member of board of directors,Finance,2015,False
False,Rene Comeau,Deputy Sheriff,Justice,2015,False
False,Remi Godin,Deputy Sheriff,Justice,2015,False
False,Ruth Lyons,Public Member,Health,2015,False
False,Reggie Guay,Deputy Sheriff,Justice,2015,False
False,Todd Carr,Deputy Sheriff,Justice,2015,False
False,Tori White,Deputy Sheriff,Justice,2015,False
True,Kenneth Savage,member,Justice,2015,False
False,Jocelyn Levesque,Member of the Family Income Security Appeal Board,Social Development,2015,False
False,Francine Mulherin,Member of the Family Income Security Appeal Board,Social Development,2015,False
False,Doreen Saulis,Member of the Family Income Security Appeal Board,Social Development,2015,False
False,Diane Boulay,Member of the Family Income Security Appeal Board,Social Development,2015,False
False,Barbara Leger,Member of the Family Income Security Appeal Board,Social Development,2015,False
False,Tomie Desjardins,Deputy Sheriff,Justice,2015,False
False,Isabelle-Anne Girouard,member,Healthy and Inclusive Communities,2015,False
False,Dorine Pirie,Chairperson of the Board of Directors,Post-Secondary Education Training and Labour,2015,False
False,Stephen Lund,Chairperson,Economic Development,2015,False
False,Rino Pelletier,Supervisor,Environment and Local Government,2015,False
False,Denis Caron,Vice-Chairperson,Economic Development,2015,False
False,Michael L. McCluskey,reviewing officer,Justice,2015,False
False,William Mattsson,Deputy Sheriff,Justice,2015,True
False,Francois M. Angers,Vice-Chairperson of the Board of Directors,Post-Secondary Education Training and Labour,2015,False
False,Ray Travers,Deputy Sheriff,Justice,2015,False
False,Pier-Paul Landry,Deputy Sheriff,Justice,2015,False
False,Phillip Greer,Deputy Sheriff,Justice,2015,False
False,Heather Ashley Atherton,Deputy Sheriff,Justice,2015,False
False,Guylaine Dorion,Deputy Sheriff,Justice,2015,False
False,Eric McElroy,Deputy Sheriff,Justice,2015,False
False,Emily Martin,Deputy Sheriff,Justice,2015,False
False,Danny Theriault,Deputy Sheriff,Justice,2015,True
False,Claude Coulombe,Deputy Sheriff,Justice,2015,False
False,Isabelle Sirois,Deputy Sheriff,Justice,2015,False
False,Bryson Jenkins,Deputy Sheriff,Justice,2015,True
False,Brian Leger,Deputy Sheriff,Justice,2015,False
False,Andrew Reid,Deputy Sheriff,Justice,2015,False
False,Andrew Lajoie,Deputy Sheriff,Justice,2015,True
False,Andre Ouellet,Deputy Sheriff,Justice,2015,False
False,Amanda Wood,Deputy Sheriff,Justice,2015,True
False,Adam Bertolini,Deputy Sheriff,Justice,2015,True
False,Brian Parker,Deputy Sheriff,Justice,2015,True
False,John Latimer,Deputy Sheriff,Justice,2015,False
False,John Pelletier,Deputy Sheriff,Justice,2015,False
False,Jonathan Breau,Deputy Sheriff,Justice,2015,False
False,Paulina Bolduc,Deputy Sheriff,Justice,2015,False
False,Nathan Bell,Deputy Sheriff,Justice,2015,False
False,Mike Martin,Deputy Sheriff,Justice,2015,False
False,Melanie Hachey,Deputy Sheriff,Justice,2015,False
False,Megan Williams,Deputy Sheriff,Justice,2015,False
False,Marie-Anne Mazerolle,Deputy Sheriff,Justice,2015,True
False,Marcel Cormier,Deputy Sheriff,Justice,2015,False
False,Marc Roy,Deputy Sheriff,Justice,2015,False
False,Marc Leger,Clerk of the Executive Council and Secretary to Cabinet,Executive Council Office,2015,False
False,Malakyi Goldsworthy,Deputy Sheriff,Justice,2015,True
False,Kyle Nash,Deputy Sheriff,Justice,2015,False
False,Kevin Langlais,Deputy Sheriff,Justice,2015,False
False,Keith Basque,Deputy Sheriff,Justice,2015,True
False,Justin Alderic Richard,Deputy Sheriff,Justice,2015,False
False,Joseph Savoie,Deputy Sheriff,Justice,2015,True
False,Lucie Levesque,Chair of the Board of Examiners,Natural Resources,2015,False
False,Micheline T. Doiron,Chair,Environment and Local Government,2015,False
False,Cathy St-Pierre,Deputy Sheriff,Justice,2015,False
False,Norma McGraw,Chair of the Family Income Security Appeal Board,Social Development,2015,False
False,Katherine Munro,member,Justice,2015,False
False,Francine Kanhai,member,Justice,2015,False
False,Crystal Critch,deputy registrar,Justice,2015,False
False,Amy Flynn,member,Health,2015,False
False,Vicki Wallace-Godbout,director,Energy and Mines,2015,False
True,Norman Betts,director,Energy and Mines,2015,False
False,Natalie LeBlanc,sheriff,Justice,2015,False
True,Norman Betts,Vice-Chair,Energy and Mines,2015,False
False,Claude Hache,member,Executive Council Office,2015,False
False,Cecile Paulin-Larocque,member,Executive Council Office,2015,False
False,Andrew MacGillivray,director,Energy and Mines,2015,False
False,Kelly Cain,Deputy Minister of Transportation and Infrastructure,Executive Council Office,2015,False
False,Kelly Cain,"interim Deputy Minister of Tourism, Heritage and Culture",Executive Council Office,2015,False
False,Kelli Simmonds,interim Deputy Attorney General,Executive Council Office,2015,False
True,Michael Sellman,director,Energy and Mines,2015,False
False,Judy Wagner,Clerk of the Executive Council,Executive Council Office,2015,False
False,Natalie LeBlanc,Chief Sheriff,Justice,2015,False
False,Virginia Gillmore,member,Health,2015,False
False,Nadine Martin,Member of the Family Income Security Appeal Board,Social Development,2015,False
False,Angela Francoeur,Occupational Health and Safety Officer,Post-Secondary Education Training and Labour,2015,False
False,Robert D. Breen,Vice-Chairperson,Post-Secondary Education Training and Labour,2015,False
False,Marylene Pilote,Vice-Chairperson,Post-Secondary Education Training and Labour,2015,False
True,John P. McEvoy,Vice-Chairperson,Post-Secondary Education Training and Labour,2015,False
False,J. Kitty Maurey,Vice-Chairperson,Post-Secondary Education Training and Labour,2015,False
False,Saras Verdam,member,Health,2015,False
False,Isabelle Paulin,Vice-Chairperson,Post-Secondary Education Training and Labour,2015,False
False,Daniel R. Theriault,Chairperson,Post-Secondary Education Training and Labour,2015,False
False,Cheryl Johnson,Vice-Chairperson,Post-Secondary Education Training and Labour,2015,False
True,Randy Dickinson,member and Chair,Post-Secondary Education Training and Labour,2015,False
False,Paul McCoy,director,Energy and Mines,2015,False
False,Nadine Leger-Sexton,Chair,Environment and Local Government,2015,False
False,Alain Bosse,director,Energy and Mines,2015,False
False,Elizabeth MacPherson,Vice-Chairperson,Post-Secondary Education Training and Labour,2015,False
False,Jean-Marc Dupuis,"Deputy Minister of Post-Secondary Education, Training and Labour",Executive Council Office,2015,False
False,James A. Whelly,Vice-Chairperson,Post-Secondary Education Training and Labour,2015,False
False,Jean Finn,"Deputy Minister of Agriculture, Aquaculture and Fisheries and Deputy Minister of Natural Resources",Executive Council Office,2015,False
False,Anik Bosse,Vice-Chairpersons,Post-Secondary Education Training and Labour,2015,False
False,Stephen Lund,Chief Executive Officer,Opportunities New Brunswick,2015,False
False,Roxanne Fairweather,Member of the Board of Directors,Economic Development,2015,False
False,Roxanne Fairweather,Chair of the Board of Directors,Economic Development,2015,False
False,Raymond Theberge,Member of the Board of Directors,Economic Development,2015,False
False,Mike Campbell,Member of the Board of Directors,Economic Development,2015,False
False,Annie C. Daneault,members of the Board of Directors,Justice,2015,False
False,Lynn Albert,Member of the Board of Directors,Economic Development,2015,False
False,James Baumgartner,Member of the Board of Directors,Economic Development,2015,False
False,Gloria Jollymore,Member of the Board of Directors,Economic Development,2015,False
False,Dennis Flood,Member of the Board of Directors,Economic Development,2015,False
False,Yves Roy,Member of the Family Income Security Appeal Board,Social Development,2015,False
False,Mario Legace,Occupational Health and Safety Officer,Post-Secondary Education Training and Labour,2015,False
False,Peter J. McCue,Secretary of the Board of Examiners,Natural Resources,2015,False
False,Lily Durepos,Member of the Board of Directors,Economic Development,2015,False
False,Candace R. Salmon,Vice-Chairpersons,Post-Secondary Education Training and Labour,2015,False
False,Earl Brewer,Member of the Board of Directors,Economic Development,2015,False
False,J. Richard Hatchette,Interim Chairperson,Post-Secondary Education Training and Labour,2015,False
False,Denyse Helene Landry,Vice-Chairpersons,Post-Secondary Education Training and Labour,2015,False
False,Bill Levesque,Deputy Minister of Intergovernmental Affairs,Executive Council Office,2015,False
False,Sylvie Desjardins,rentalsman,Service New Brunswick,2015,False
True,Robert Shannon,Chairperson,"Agriculture, Aquaculture and Fisheries",2015,False
False,Rita Labrie,member,Health,2015,False
False,Nathalie Boivin,member,Health,2015,False
False,Michael Melanson,rentalsman,Service New Brunswick,2015,False
False,Gordon Gilman,interim Deputy Minister of Finance,Executive Council Office,2015,False
True,Matthew M. Tweedie,chair,Health,2015,False
False,Libby MacDonald,rentalsman,Service New Brunswick,2015,False
False,Joanne Morrissey,rentalsman,Service New Brunswick,2015,False
False,Yvon Landry,members of the Board of Directors,Justice,2015,False
False,Shelley R. Dumouchel,Vice-Chairpersons,Post-Secondary Education Training and Labour,2015,False
False,Jennifer Cleversey Moffitt,Vice-Chairpersons,Post-Secondary Education Training and Labour,2015,False
False,Gordon Gilman,Deputy Minister of Human Resources,Executive Council Office,2015,False
False,J. Richard Hatchette,Vice-Chairpersons,Post-Secondary Education Training and Labour,2015,False
False,Daniel Saulnier,Board of Governors,Post-Secondary Education Training and Labour,2016,False
False,Terry Malley,Board of Governors,Post-Secondary Education Training and Labour,2016,False
False,Sheree Allison,Board of Governors,Post-Secondary Education Training and Labour,2016,False
False,Shannon Farrell,member,Health,2016,False
False,Sara Jean Berry,member,Health,2016,False
True,Mary E. Carpenter,Board of Governors,Post-Secondary Education Training and Labour,2016,False
False,Pamela Jane Barry,Board of Governors,Post-Secondary Education Training and Labour,2016,False
False,Levi Hargrove,member,Executive Council Office,2016,False
False,Fernand de Varennes,member,Post-Secondary Education Training and Labour,2016,False
False,Isabelle Bouchard,Board of Governors,Post-Secondary Education Training and Labour,2016,False
False,Catherine Mosher,member,Environment and Local Government,2016,False
True,Patricia O'Dell,public member,Health,2016,True
False,Chris London,Board of Governors,Post-Secondary Education Training and Labour,2016,False
False,Alexandre Deschenes,Her Majesty's Counsel,Office of the Attorney General,2016,False
False,Jennifer Henry,Board of Governors,Post-Secondary Education Training and Labour,2016,False
False,Michel Therrien,Board of Governors,Post-Secondary Education Training and Labour,2016,False
False,Micheline Lagace-Melanson,Board of Governors,Post-Secondary Education Training and Labour,2016,False
False,Raoul Guemning Kamsu,Board of Governors,Post-Secondary Education Training and Labour,2016,False
False,Al Kavanaugh,member,Finance,2016,False
False,Bernard Gautreau,member,Finance,2016,False
False,Brad Woodside,member and Vice-Chairperson,Finance,2016,False
False,Christa Bourque,Her Majesty's Counsel,Office of the Attorney General,2016,False
False,D. Andrew Rouse,Her Majesty's Counsel,Office of the Attorney General,2016,False
False,Deidra LaPage,coroner,Justice and Public Safety,2016,False
False,Edward L. Derrah,Her Majesty's Counsel,Office of the Attorney General,2016,False
False,Barbara McKinley,Board of Governors,Post-Secondary Education Training and Labour,2016,False
False,Elizabeth Turgeon,member,Finance,2016,False
True,Heather Stephen,member,Finance,2016,False
False,Jeanne-Mance Cormier,Board of Governors,Post-Secondary Education Training and Labour,2016,False
False,Nicole Picot,Deputy Minister of Finance,Executive Council Office,2016,False
True,Dorine Pirie,Chairperson of the Board of Directors,Post-Secondary Education Training and Labour,2016,True
False,Frangoise Roy,"Deputy Minister of Tourism, Heritage and Culture",Executive Council Office,2016,False
False,Louis Barrieau,Deputy Sheriff,Justice and Public Safety,2016,False
False,John R. Williamson,Her Majesty's Counsel,Office of the Attorney General,2016,False
False,Luc Bourgoin,Sheriff,Justice and Public Safety,2016,False
False,Mike Gaudet,Sheriff,Justice and Public Safety,2016,False
False,Mona Duguay,Sheriff,Justice and Public Safety,2016,False
False,Pierre Castonguay,Executive Director,Justice and Public Safety,2016,False
False,Remi Legere,Deputy Sheriff,Justice and Public Safety,2016,False
False,Robert Bastarache,member,Justice and Public Safety,2016,False
False,Shannon MacDonald,Deputy Sheriff,Justice and Public Safety,2016,False
False,Shauna Noel,Deputy Sheriff,Justice and Public Safety,2016,False
False,Andrea Stierle-MacNeill,lay representative,Health,2016,False
False,Bev Hornibrook,worker's advocate,Post-Secondary Education Training and Labour,2016,False
False,Chantal Robichaud,worker's advocate,Post-Secondary Education Training and Labour,2016,False
False,Lee Bell-Smith,Deputy Attorney General,Executive Council Office,2016,False
False,Isabelle Paulin,Expropriations Advisory Officer,Office of the Attorney General,2016,False
True,Edgar Landry,lay representative,Health,2016,True
False,Ericka Frecker,member,Health,2016,False
False,Craig Dalton,President,Executive Council Office,2016,False
False,David Rogers,member,Executive Council Office,2016,False
False,Irene McCardle,member,Executive Council Office,2016,False
False,Jean Finn,member,Executive Council Office,2016,False
False,Kelli Simmonds,member,Executive Council Office,2016,False
False,Nathalie Savoie,member,Executive Council Office,2016,False
False,Nathalie Savoie,member,Executive Council Office,2016,True
False,Shelley Rinehart,chair,Executive Council Office,2016,False
False,Shelley Rinehart,member,Executive Council Office,2016,False
False,Shelley Rinehart,chair,Executive Council Office,2016,True
False,Alan Roy,Chief Executive Officer,Executive Council Office,2016,False
False,Leanna Garret,employer's advocate,Post-Secondary Education Training and Labour,2016,False
False,Kelly Wilson,member of the Board of Governors,Post-Secondary Education Training and Labour,2016,False
False,Clement Tremblay,Member,Environment and Local Government,2016,False
False,Luc Beaudoin,coroner,Justice and Public Safety,2016,False
False,Giselle Price,Alternate Member,Environment and Local Government,2016,False
False,Karen L. Chantler,Alternate Member,Environment and Local Government,2016,False
False,Kayleigh Blacklock,Member,Environment and Local Government,2016,False
False,Korey Jennings,Member,Environment and Local Government,2016,False
False,Linda J. Watson,Member,Environment and Local Government,2016,False
False,May Nazair,Alternate Member,Environment and Local Government,2016,False
False,R. Scott Wilson,Member,Environment and Local Government,2016,False
False,Terrence Lenihan,Vice-Chair,Environment and Local Government,2016,False
False,Bill Fraser,members,,2016,False
False,Brian Kenny,members,,2016,False
False,Cathy Rogers,Vice-Chair,,2016,False
False,Denis Landry,Minister of Justice and Public Safety,Executive Council Office,2016,False
False,Edward Doherty,Minister of Service New Brunswick,Executive Council Office,2016,False
False,Molly Demma,members of the Board of Directors,"Tourism, Heritage and Culture",2016,False
False,Edward Doherty,members,,2016,False
False,Gordon Gilman,Secretary,Executive Council Office,2016,False
False,Gordon Gilman,Deputy Minister,Executive Council Office,2016,False
False,Jean Finn,Deputy Minister of Energy and Resource Development,Executive Council Office,2016,False
False,Johanne Bray,Deputy Minister of Justice and Public Safety,Executive Council Office,2016,False
False,Lisa Harris,Minister of Seniors and Long-Term Care,Executive Council Office,2016,False
False,Rick Doucet,Minister of Energy and Resource Development,Executive Council Office,2016,False
False,Roger Melanson,President of Treasury Board,Executive Council Office,2016,False
False,Roger Melanson,Chair,,2016,False
False,Serge Rousselle,members,,2016,False
False,Stephen Horsman,Minister of Families and Children,Executive Council Office,2016,False
False,Stephen Horsman,members,,2016,False
False,Victor Boudreau,members,,2016,False
False,Kristopher Keating,Deputy Sheriff,Justice and Public Safety,2016,False
False,Francine Landry,Minister of Economic Development,Executive Council Office,2016,False
False,Michele Pelletier,Consumer Advocate for Insurance,Executive Council Office,2016,False
False,Lori Leach,members of the Board of Directors,"Tourism, Heritage and Culture",2016,False
False,Kimberly Poffenroth,Chief Electoral Officer,Executive Council Office,2016,False
False,Luc Marcoux,Her Majesty's Counsel,Office of the Attorney General,2016,False
False,Marie-Claude Doucet,member and Chairperson,Finance,2016,False
False,Nathalie L. Godbout,Her Majesty's Counsel,Office of the Attorney General,2016,False
True,Paul Morrison,member of the Board of Governors,Post-Secondary Education Training and Labour,2016,False
False,Phyllis Cooling,member of the Board of Governors,Post-Secondary Education Training and Labour,2016,False
False,Rachelle Standing,member of the Board of Governors,Post-Secondary Education Training and Labour,2016,False
True,Roland T. Cormier,member of the Board of Directors,Service New Brunswick,2016,False
False,Scott Myles,coroner,Justice and Public Safety,2016,False
False,Shannon Doran,Her Majesty's Counsel,Office of the Attorney General,2016,False
False,Stephen Fitzpatrick,coroner,Justice and Public Safety,2016,False
False,Stephen J. Hutchison,Her Majesty's Counsel,Office of the Attorney General,2016,False
False,Katherine McBrearty,Rentalsman,Service New Brunswick,2016,False
False,Tony Kenneth Desjardins,President,Transportation and Infrastructure,2016,False
False,Judith Keating,Chair,Finance,2016,False
False,Michel Cyr,Occupational Health and Safety Officer,Post-Secondary Education Training and Labour,2016,False
False,John Douglas,Judge,Justice and Public Safety,2016,False
True,Christina Taylor,member representing employers,Post-Secondary Education Training and Labour,2016,False
True,Darren Sutherland,member representing employers,Post-Secondary Education Training and Labour,2016,False
True,Kim Blyth,member representing appointments,Post-Secondary Education Training and Labour,2016,False
False,Lura Fowler,member representing appointments,Post-Secondary Education Training and Labour,2016,False
True,Mario Theriault,member representing appointments,Post-Secondary Education Training and Labour,2016,False
False,Meagan Wood,member representing appointments,Post-Secondary Education Training and Labour,2016,False
True,Scott Toner,member representing employers,Post-Secondary Education Training and Labour,2016,False
False,Shirley Mitchell,member representing employers,Post-Secondary Education Training and Labour,2016,False
False,Alain Boisvert,member,"Tourism, Heritage and Culture",2016,False
False,Cameron Crain,Student Member of the Board of Governors,Post-Secondary Education Training and Labour,2016,False
False,Victoria Clarke,member,"Tourism, Heritage and Culture",2016,False
False,Alexandre Deschenes,Conflict of Interest Commissioner,Executive Council Office,2016,False
True,Jean B. Plourde,chair,Health,2016,False
False,Krista Lynn Colford,Her Majesty's Counsel,Office of the Attorney General,2016,False
False,Kevin Wilson,Deputy Sheriff,Justice and Public Safety,2016,False
True,Curtis Howe,Board of Governors,Post-Secondary Education Training and Labour,2016,False
False,Jim Dunlap,member,Justice and Public Safety,2016,False
False,Daniel White,member,Environment and Local Government,2016,False
False,Gisia Pisegna,lay representative,Health,2016,False
False,Lisanne Gautreau,lay representative,Health,2016,False
False,Marie-Eve Michon,lay representative,Health,2016,False
False,Martin Fineburg,lay representative,Health,2016,False
True,Michel Vautour,member,Environment and Local Government,2016,False
False,Robert A. Cloutier,alternate member,Environment and Local Government,2016,False
False,Stephane Theriault,director,Finance,2016,False
False,Tammy Boucher,lay representative,Health,2016,False
False,Daniel Jardine,member,Health,2016,False
False,Eva Sock,member,Health,2016,False
False,Heather Jensen,member,Health,2016,False
True,Janet Williams,Chair,Post-Secondary Education Training and Labour,2016,False
False,Carole F. Beaulieu,member,Environment and Local Government,2016,False
True,Janet Williams,trustee,Post-Secondary Education Training and Labour,2016,False
False,Kim Nash-McKinley,member,Health,2016,False
False,Margaret-Ann Thorne,trustee,Post-Secondary Education Training and Labour,2016,False
True,Maureen Soriano,trustee,Post-Secondary Education Training and Labour,2016,False
False,Meghan Richards,member,Health,2016,False
True,Michael Richard,trustee,Post-Secondary Education Training and Labour,2016,False
False,Mike Doiron,member,Health,2016,False
False,Paulette Richard,member,Health,2016,False
False,Peggy Doyle,member,Health,2016,False
True,Shawn Jennings,member,Health,2016,False
False,Amelia Barry,member representing a Provincial Agency,Office of the Premier,2016,False
False,Dawn Stevens,member representing the Public at Large,Office of the Premier,2016,False
False,Gerald MacPherson,member representing the Fredericton Region,Office of the Premier,2016,False
True,Linda Ferrier,member representing the Public at Large,Office of the Premier,2016,False
False,Julie Bourque,trustee,Post-Secondary Education Training and Labour,2016,False
False,Serge Sirois,Occupational Health and Safety Officer,Post-Secondary Education Training and Labour,2016,False
True,Rosemary Losier,Chair,Health,2016,False
False,Neil Clements,Occupational Health and Safety Officer,Post-Secondary Education Training and Labour,2016,False
False,Kayla Carter,alternate member,Health,2016,False
False,Mary Casement,municipal returning officer,Elections New Brunswick,2016,False
False,Sergiy Ostashko,member (psychiatrist),Health,2016,False
False,Stephen J. Doucet,alternate chair,Health,2016,False
False,Bill Levesque,member,Executive Council Office,2016,False
True,Annie Daneault,Vice-Chair,Post-Secondary Education Training and Labour,2016,True
False,Audrey Lampert,member,Post-Secondary Education Training and Labour,2016,False
False,Byron Bushey,member,Post-Secondary Education Training and Labour,2016,False
True,Danielle Renee Hache,Vice-Chair,Post-Secondary Education Training and Labour,2016,True
False,Denise Ann LeBlanc,Provincial Court Judge,Justice,2016,False
False,Dorothy Theriault,member,Post-Secondary Education Training and Labour,2016,False
False,Geoffrey Bladon,Alternate Chair,Post-Secondary Education Training and Labour,2016,False
True,Geoffrey Bladon,Vice-Chair,Post-Secondary Education Training and Labour,2016,True
True,George Richmond,member,Post-Secondary Education Training and Labour,2016,True
False,Julie Marr,employer representative on the Board of Directors,Post-Secondary Education Training and Labour,2016,False
False,Kimberley Douglass,member,Post-Secondary Education Training and Labour,2016,False
False,Louise Caissie,member,Justice,2016,False
False,Maurice Theriault,member,Justice,2016,False
False,Suzanne Bernard,Provincial Court Judge,Justice,2016,False
False,Jonathan Harquail,Inspector,Public Safety,2016,False
False,Brian Manship,public representative,Health,2016,False
False,Louise Caissie,Chair,Justice,2016,False
False,Raoul Boudreau,member,Justice,2016,False
False,Adam Roberts,Occupational Health and Safety Officer,Post-Secondary Education Training and Labour,2016,False
False,Donald F. Cullinan,Chair,Health,2016,False
False,Genevieve Pilon,Occupational Health and Safety Officer,Post-Secondary Education Training and Labour,2016,False
False,Jason Waye,Occupational Health and Safety Officer,Post-Secondary Education Training and Labour,2016,False
False,Kevin Bennett,Occupational Health and Safety Officer,Post-Secondary Education Training and Labour,2016,False
False,Larry Vienneau,Occupational Health and Safety Officer,Post-Secondary Education Training and Labour,2016,False
False,Marc LeBlanc,member representing the Bathurst Region,Office of the Premier,2016,False
True,Michael George,member representing the Saint John Region,Office of the Premier,2016,False
False,Eric P. Sonier,Provincial Court Judge,Justice,2016,False
True,Nancy Boucher,member of the Board of Directors,Education and Early Childhood Development,2016,True
False,Serge Rousselle,Minister of Environment and Local Government and Attorney General,Executive Council Office,2016,False
False,Victor Eric Boudreau,Minister of Health,Executive Council Office,2016,True
False,Bill Fraser,member,Executive Council Office,2016,False
False,Brian Kenny,member,Executive Council Office,2016,False
False,Cathy Rogers,Vice-Chair,Executive Council Office,2016,False
False,Edward Doherty,member,Executive Council Office,2016,False
False,Roger Melanson,Chair,Executive Council Office,2016,False
False,Serge Rousselle,member,Executive Council Office,2016,False
False,Stephen Horsman,member,Executive Council Office,2016,False
False,Victor Boudreau,member,Executive Council Office,2016,False
False,Danie Roy,"Chair, Member",Justice and Public Safety,2016,False
False,Jocelyne Roy Vienneau,Lieutenant-Governor,Energy and Resource Development,2016,False
False,Jocelyne Roy Vienneau,Lieutenant-Governor,Energy and Resource Development,2016,True
False,Jocelyne Roy Vienneau,Lieutenant-Governor,Energy and Resource Development,2016,True
False,Jocelyne Roy Vienneau,Lieutenant-Governor,Energy and Resource Development,2016,True
False,Tammy Augustine,"Vice-Chair, Member",Justice and Public Safety,2016,False
False,Allan Thibodeau,Sheriff,Justice and Public Safety,2016,False
False,Bruno Roy,chair,Health,2016,False
False,Corey LeBlanc,Deputy Sheriff,Justice and Public Safety,2016,False
False,Debora Hallihan,Sheriff,Justice and Public Safety,2016,False
False,Dominic Papillon,Deputy Sheriff,Justice and Public Safety,2016,False
False,Eric Beaulieu,Deputy Clerk,Executive Council Office,2016,False
False,Gary McLaughlin,chairman,Health,2016,False
False,George L. Cooper,chairman,Health,2016,False
False,Ginette Verret- Morin,member,Justice and Public Safety,2016,False
False,Jackson Chamberlain,Deputy Sheriff,Justice and Public Safety,2016,False
False,Jason McKnight,Deputy Sheriff,Justice and Public Safety,2016,False
False,Michele Ouellette,member representing the Edmundston Region,Office of the Premier,2016,False
False,Jean-Philip Basque,Deputy Sheriff,Justice and Public Safety,2016,False
False,Richard Michael Doucet,"Minister of Agriculture, Aquaculture and Fisheries",Executive Council Office,2016,False
False,Lisa Lynn Harris,member,Executive Council Office,2016,False
False,Eugen Stoica,Deputy Sheriff,Justice and Public Safety,2016,False
False,John Benjamin Ames,"Minister of Tourism, Heritage and Culture",Executive Council Office,2016,False
False,Stephanie Warren,member of the Board of Directors,Education and Early Childhood Development,2016,False
False,John Benjamin Ames,member of the Executive Council,Executive Council Office,2016,False
True,NoeIla Hebert,member representing the Miramichi Region,Office of the Premier,2016,False
False,Joanne Sonier,Public Representative on the Board of Directors,Health,2016,False
False,Rebecca Butler,Public Representative on the Board of Directors,Health,2016,False
True,Jean-Guy Lirette,representative of employers,Post-Secondary Education Training and Labour,2016,False
True,Marie-Ange Losier,representative of appointments,Post-Secondary Education Training and Labour,2016,False
True,Stephen Beatteay,representative of employers,Post-Secondary Education Training and Labour,2016,False
False,dental practitioners,medical staff,Health,2016,False
False,medical practitioners,medical staff,Health,2016,False
False,medical practitioners,medical staff,Health,2016,True
False,nurse practitioners,medical staff,Health,2016,False
False,oral and maxillofacial surgeons,medical staff,Health,2016,False
False,Caroline Lafontaine,"Registrar of the Court of Appeal of New Brunswick and the Court of Queen's Bench of New Brunswick, Trial and Family Division",Justice,2016,False
True,Gloria Clark,representative of employers,Post-Secondary Education Training and Labour,2016,False
False,Crystal D. Lahey,coroner,Public Safety,2016,False
False,Charbel Awad,Chief Sheriff,Justice,2016,False
False,Brian Andrew Kenny,Minister of Education and Early Childhood Development,Executive Council Office,2016,False
False,Brian Alexander Gallant,Premier and President of the Executive Council,Executive Council Office,2016,False
False,Bill Fraser,Minister of Transportation and Infrastructure,Executive Council Office,2016,False
False,Judy Wagner,members of the Board of Directors,Regional Development Corporation,2016,False
False,Johanne M. Landry,Vice-Chairperson,Post-Secondary Education Training and Labour,2016,False
False,Cathy Lynn Rogers,Minister of Finance,Executive Council Office,2016,False
False,Barbara Whitenect,Registrar of Gaming Control,Justice and Public Safety,2016,False
False,Stephen Crawford,public member,Health,2016,False
False,Donald Arseneault,"Minister of Post-Secondary Education, Training and Labour",Executive Council Office,2016,False
False,Michael H. Johnston,coroner,Public Safety,2016,False
True,Donald Higgins,public member,Health,2016,True
False,Jean-Marc Dupuis,members of the Board of Directors,Regional Development Corporation,2016,False
False,J. Nathalie Thibault,Vice-Chairperson,Post-Secondary Education Training and Labour,2017,False
False,Francine Landry,Member,Executive Council Office,2017,False
True,Deborah Harding,member,Health,2017,True
False,Serge Rousselle,Member,Executive Council Office,2017,False
False,Roger Melanson,"Chair, Member",Executive Council Office,2017,False
True,Paulette Robert,member,Finance,2017,False
False,Lucie LaBoissonniere,member,Finance,2017,False
False,Lisa Taylor,member,Finance,2017,False
False,Holly Nason,Acting Registrar of Regulations,Office of the Attorney General,2017,False
False,Heather Bursey,member,Health,2017,False
False,Benoit Bourque,Member,Executive Council Office,2017,False
False,Celine Robichaud-Trifts,member,Finance,2017,False
False,Cathy Rogers,"Vice-Chair, Member",Executive Council Office,2017,False
False,Brian Kenny,Member,Executive Council Office,2017,False
False,Bill Fraser,Member,Executive Council Office,2017,False
False,Serge Rousselle,Minister of Service New Brunswick,Executive Council Office,2017,False
False,Molly Demma,Vice-Chair of the Board of Directors,"Tourism, Heritage and Culture",2017,False
False,Gilles LePage,member of the Executive Council,Executive Council Office,2017,False
False,Benoit Bourque,member,Executive Council Office,2017,False
False,Benoit Bourque,Minister of Health,Executive Council Office,2017,False
False,Jeff Alpaugh,Member of the Board of Governors,"Tourism, Heritage and Culture",2017,False
False,Andrew Harvey,member of the Executive Council,Executive Council Office,2017,False
False,Susan Knight,member of the Board of Directors,"Tourism, Heritage and Culture",2017,False
False,Chantal Thibodeau,member,Finance,2017,False
False,Johanne Theriault,Vice-Chairperson,Post-Secondary Education Training and Labour,2017,False
False,Michael J. Comeau,Her Majesty's Counsel,,2017,False
True,Mark Gaudet,"Member, Assistant Deputy Minister of Strategic Services",Finance; Transportation and Infrastructure,2017,False
False,Michel Cote,member,Education and Early Childhood Development,2017,False
False,Michael Butler,member,Education and Early Childhood Development,2017,False
False,Leah Grandy,member of the Board of Directors,"Tourism, Heritage and Culture",2017,False
False,Marie-Josee Duchesne,member,Education and Early Childhood Development,2017,False
False,Marcel Basque,member,Education and Early Childhood Development,2017,False
False,Linda Sherbo,member,Education and Early Childhood Development,2017,False
False,Johanne Theriault,chair,Education and Early Childhood Development,2017,False
False,Heidi Ryder,member,Education and Early Childhood Development,2017,False
False,Ellen C. Desmond,"vice-chair, representing the Anglophone community",Education and Early Childhood Development,2017,False
False,Brittany Merrifield,member of the Board of Directors,Social Development,2017,False
True,Andrew Dixon,member,"Tourism, Heritage and Culture",2017,True
True,Leonard Lee-White,"Member, Assistant Deputy Minister of the Treasury Division",Finance; Transportation and Infrastructure,2017,False
False,Aldean Higgins-Harris,member,Education and Early Childhood Development,2017,False
False,Nathalie Chiasson,Her Majesty's Counsel,,2017,False
False,Lee Bell-Smith,Her Majesty's Counsel,,2017,False
False,Kathryn Gregory,Her Majesty's Counsel,,2017,False
False,George L. Cooper,Her Majesty's Counsel,,2017,False
False,Chantal N. Daigle,Her Majesty's Counsel,,2017,False
False,Chantal A. Thibodeau,Her Majesty's Counsel,,2017,False
False,Annie C. Daneault,Her Majesty's Counsel,,2017,False
False,Amanda J. Evans,Her Majesty's Counsel,,2017,False
False,Tina Emond,member,Health,2017,False
False,Norah Mallory,Member of the Board of Governors,"Tourism, Heritage and Culture",2017,False
False,Michel Richard,member and chairperson,Health,2017,False
False,William G. Stephenson,Her Majesty's Counsel,,2017,False
True,Juan Estepa,member of the Board of Directors,"Tourism, Heritage and Culture",2017,True
False,Cher Barthe,Coroner,Justice and Public Safety,2017,False
True,Helen Jean Newman,member of the Board of Directors,"Tourism, Heritage and Culture",2017,True
False,Betty Cleveland Firth,Coroner,Justice and Public Safety,2017,False
False,Alain Tremblay,Coroner,Justice and Public Safety,2017,False
False,Monica Landry,Deputy Sheriff,Justice and Public Safety,2017,False
False,Matthew Lemieux,Deputy Sheriff,Justice and Public Safety,2017,False
False,Luc Roussel,Deputy Sheriff,Justice and Public Safety,2017,False
False,Kaitlin Manuel,Deputy Sheriff,Justice and Public Safety,2017,False
False,Joseph Landry,Deputy Sheriff,Justice and Public Safety,2017,False
False,Joey Ferron,Deputy Sheriff,Justice and Public Safety,2017,False
False,Jessie Caron,student member of the Board of Governors,Post-Secondary Education Training and Labour,2017,False
False,Yvon Albert,alternate member,Environment and Local Government,2017,False
True,Virginia Manzer,Worker's Advocate,Post-Secondary Education Training and Labour,2017,True
False,Trisha Perry,Vice-Chairperson,Post-Secondary Education Training and Labour,2017,False
False,Stephen Doucet,member,Environment and Local Government,2017,False
False,Shelly Williams,member,Environment and Local Government,2017,False
False,Shanie Collin,Worker's Advocate,Post-Secondary Education Training and Labour,2017,False
False,Ron Daigle,member,Environment and Local Government,2017,False
True,Paul DeMerchant,member,Environment and Local Government,2017,False
False,Murray Driscoll,member,Post-Secondary Education Training and Labour,2017,False
True,Michael Bronson,member,Environment and Local Government,2017,False
False,Michael Blanchard,member,Environment and Local Government,2017,False
False,Martial McLaughlin,member,Environment and Local Government,2017,False
False,Michel Guitard,member of the Board of Directors,Social Development,2017,False
False,Jocelyne Hachey,member,Finance; New Brunswick Liquor Corporation,2017,False
False,Chantal Theriault,member of the Board of Directors,Opportunities New Brunswick,2017,False
True,Dennis Flood,member of the Board of Directors,Opportunities New Brunswick,2017,False
False,Emily Caissy,Coroner,Justice and Public Safety,2017,False
False,France Godbout,Member,Post-Secondary Education Training and Labour,2017,False
False,Gail Swan,member of the Board of Directors,"Tourism, Heritage and Culture",2017,False
False,Eldon Toner,member of the Board of Directors,"Tourism, Heritage and Culture",2017,False
False,Bradley Cross,member of the Board of Directors,"Tourism, Heritage and Culture",2017,False
False,Allison Walker,Chair of the Board of Directors,"Tourism, Heritage and Culture",2017,False
False,Tracy Beal,Coroner,Justice and Public Safety,2017,False
False,Tom Maston,member,Finance,2017,False
True,Roxanne Fairweather,member and Chair of the Board of Directors,Opportunities New Brunswick,2017,False
False,Robert McSorley,member,Finance,2017,False
True,Raymond Theberge,member and Vice-Chair of the Board of Directors,Opportunities New Brunswick,2017,False
False,Pierrette Hache,Coroner,Justice and Public Safety,2017,False
True,Nadine Leger-Sexton,Chair,Environment and Local Government,2017,True
True,Ian G. Stead,member of the Board of Directors,"Tourism, Heritage and Culture",2017,False
False,Michel Maltais,Member,Post-Secondary Education Training and Labour,2017,False
False,Mario Caissie,member of the Board of Directors,Opportunities New Brunswick,2017,False
True,Lynn Albert,member of the Board of Directors,Opportunities New Brunswick,2017,False
True,Lily Durepos,member of the Board of Directors,Opportunities New Brunswick,2017,False
False,Justin Beaulieu,Member,Post-Secondary Education Training and Labour,2017,False
True,Jim Baumgartner,member of the Board of Directors,Opportunities New Brunswick,2017,False
False,Jenny Chouinard,member,Finance,2017,False
True,James Jessop,member,Finance,2017,False
False,Isabelle Lelievre,Member,Post-Secondary Education Training and Labour,2017,False
True,Gloria Jollymore,member of the Board of Directors,Opportunities New Brunswick,2017,False
False,Genevieve Pilon,Member,Post-Secondary Education Training and Labour,2017,False
False,Gaston Malenfant,Chair,Post-Secondary Education Training and Labour,2017,False
True,Michael J. Campbell,member of the Board of Directors,Opportunities New Brunswick,2017,False
False,Michele C. Brideau,member,"Tourism, Heritage and Culture",2017,False
False,Paul LeBlanc,Returning Officer,Executive Council Office,2017,False
True,Ray Doiron,Member,"Tourism, Heritage and Culture",2017,False
False,Victorine Robichaud,Returning Officer,Executive Council Office,2017,False
False,Vanessa Clark,Returning Officer,Executive Council Office,2017,False
False,Tina Belliveau-Moore,Returning Officer,Executive Council Office,2017,False
False,Theveshen Padaychee,Alternate Member (Psychiatrist),Health,2017,False
False,Theresa Carr,Returning Officer,Executive Council Office,2017,False
False,Terry Campbell,Returning Officer,Executive Council Office,2017,False
False,Terry Campbell,Returning Officer,Executive Council Office,2017,True
False,Tania Perron,Alternate Chair,Health,2017,False
False,Sophie Robichaud,Alternate Chair,Health,2017,False
False,Simonne Belliveau,Returning Officer,Executive Council Office,2017,False
False,Sanjay Siddhartha,Alternate Member (Psychiatrist),Health,2017,False
False,Robert McKee,Alternate Chair,Health,2017,False
False,Robert Agnew,Returning Officer,Executive Council Office,2017,False
False,Rino Pelletier,Returning Officer,Executive Council Office,2017,False
False,Richard Mackie,Returning Officer,Executive Council Office,2017,False
False,Rheal Fournier,Returning Officer,Executive Council Office,2017,False
False,Paul Matheson,Returning Officer,Executive Council Office,2017,False
False,Patricia Price,Returning Officer,Executive Council Office,2017,False
False,O'Neil Arseneau,Returning Officer,Executive Council Office,2017,False
False,Neil Orchard,Returning Officer,Executive Council Office,2017,False
False,Micheline Sullivan,Returning Officer,Executive Council Office,2017,False
False,Micheline Sullivan,Returning Officer,Executive Council Office,2017,True
False,Mary McAuliffe,Returning Officer,Executive Council Office,2017,False
False,Weldon McLaughlin,Returning Officer,Executive Council Office,2017,False
True,Christina Burke,coroners,Justice and Public Safety,2017,False
True,Douglas E. Arch,coroners,Justice and Public Safety,2017,False
False,Ian Killam,Student Member of the Board of Governors,Post-Secondary Education Training and Labour,2017,False
False,Joanne Borube-Gagne,member,Finance; New Brunswick Liquor Corporation,2017,False
False,Rick Doucet,Minister of Aquaculture and Fisheries,Executive Council Office,2017,False
False,Gilles LePage,"Minister of Labour, Employment and Population Growth",Executive Council Office,2017,False
False,Andrew Harvey,"Minister of Agriculture, Mines and Rural Affairs",Executive Council Office,2017,False
False,Sheila Rogers,member,Office of the Premier,2017,True
False,Noélla Hébert,member,Office of the Premier,2017,False
False,Michéle Ouellette,member,Office of the Premier,2017,False
False,Michael George,member,Office of the Premier,2017,True
False,Linda Ferrier,member,Office of the Premier,2017,True
False,Gerald MacPherson,member,Office of the Premier,2017,False
False,Dawn Stevens,member,Office of the Premier,2017,False
False,Martial McLaughlin,Returning Officer,Executive Council Office,2017,False
False,Christine Evans,member,Office of the Premier,2017,True
False,Annie Chiasson Doiron,member,Office of the Premier,2017,False
False,Andrew Daley,chair,Office of the Premier,2017,False
True,Walt McKinney,coroners,Justice and Public Safety,2017,False
True,Terry Richardson,coroners,Justice and Public Safety,2017,False
False,Stephen Cullen,Health and Safety Officer,Post-Secondary Education Training and Labour,2017,False
True,Solange Rousseau,coroners,Justice and Public Safety,2017,False
True,Ron Caron,coroners,Justice and Public Safety,2017,False
True,Paula Richard,coroners,Justice and Public Safety,2017,False
True,Monique Morin,coroners,Justice and Public Safety,2017,False
True,Luc Blaquiere,coroners,Justice and Public Safety,2017,False
True,John (Jack) Duplessie,coroners,Justice and Public Safety,2017,False
False,Cheryl LeBlanc,member,Office of the Premier,2017,False
False,Monique Arsenault,member,Education and Early Childhood Development,2017,False
False,Mark Guindon,Returning Officer,Executive Council Office,2017,False
False,Lynn Kozak,Returning Officer,Executive Council Office,2017,False
False,Bonnie Wilson,Returning Officer,Executive Council Office,2017,False
False,Blake Kennedy,Returning Officer,Executive Council Office,2017,False
False,Bill Hicks,Returning Officer,Executive Council Office,2017,False
False,Avis Fitton,Returning Officer,Executive Council Office,2017,False
False,Avis Fitton,Returning Officer,Executive Council Office,2017,True
False,Anne Turcotte,Returning Officer,Executive Council Office,2017,False
False,Ann Marie Gillis,Returning Officer,Executive Council Office,2017,False
False,Ann Marie Gillis,Returning Officer,Executive Council Office,2017,True
False,Anita Leger-MacDonald,Returning Officer,Executive Council Office,2017,False
False,Aldrice Comeau,Returning Officer,Executive Council Office,2017,False
False,Tina Soucy,Employer Representative,Post-Secondary Education Training and Labour,2017,False
False,Roger Melanson,Minister of Post-Secondary Education,Executive Council Office,2017,False
False,Sharon Fowler,Member,Environment and Local Government,2017,False
False,Patricia Gallagher,Vice-Chair,Environment and Local Government,2017,False
False,Giselle Price,Member,Environment and Local Government,2017,False
False,Vincent L. Duff,member of the Judicial Remuneration Commission,Justice and Public Safety,2017,False
False,Veronique Chenard,member,Education and Early Childhood Development,2017,False
False,Tony Whalen,Chair,"Tourism, Heritage and Culture",2017,False
False,Theo Gagnon,member,"Tourism, Heritage and Culture",2017,False
False,Terry Pond,member,Education and Early Childhood Development,2017,False
False,Steve Savoie,member,Education and Early Childhood Development,2017,False
False,Stephen J. Doucet,"vice-chair, representing the Francophone community",Education and Early Childhood Development,2017,False
True,Shelley Clayton,member of the Board of Directors,Social Development,2017,False
False,Brian Brooks,Alternate Member,Health,2017,False
False,Cheryl Hansen,Acting Deputy Minister of Treasury Board,Executive Council Office,2017,False
False,Claudette Trewin,Returning Officer,Executive Council Office,2017,False
False,Clem Tremblay,Returning Officer,Executive Council Office,2017,False
False,Linda Allison,Returning Officer,Executive Council Office,2017,False
False,Linda Allison,Returning Officer,Executive Council Office,2017,True
False,Leo Belliveau,Returning Officer,Executive Council Office,2017,False
False,Karen Hammel,Returning Officer,Executive Council Office,2017,False
False,Juliette McGraw,Returning Officer,Executive Council Office,2017,False
False,Julie Francoeur,Alternate Member,Health,2017,False
False,Judy Macintosh,Returning Officer,Executive Council Office,2017,False
False,John Cairns,Returning Officer,Executive Council Office,2017,False
False,Johanne Martin,Alternate Member,Health,2017,False
False,Jennifer Stead,member,"Tourism, Heritage and Culture",2017,False
False,Jacques Pinet,President,Executive Council Office,2017,False
False,Marie-Pierre Dionne,Chair,Health,2017,False
False,Helene Bouchard,Acting Deputy Minister of Intergovernmental Affairs,Executive Council Office,2017,False
False,Gordon Wilson,Returning Officer,Executive Council Office,2017,False
False,Floyd Graves,Returning Officer,Executive Council Office,2017,False
False,Emelie Richard,Returning Officer,Executive Council Office,2017,False
False,Elaine O'Leary,Returning Officer,Executive Council Office,2017,False
False,Donald Arsenault,Returning Officer,Executive Council Office,2017,False
False,Diane Gallant,Returning Officer,Executive Council Office,2017,False
False,Deborah Brine,Returning Officer,Executive Council Office,2017,False
False,Dean Johnston,Returning Officer,Executive Council Office,2017,False
False,Daniele Dube,Returning Officer,Executive Council Office,2017,False
False,Daniel Jardine,Alternate Chair,Health,2017,False
False,Clifford Lavigne,Returning Officer,Executive Council Office,2017,False
True,Greg MacLean,alternate chair,Health,2017,False
False,Janet Lawlor,alternate member,Environment and Local Government,2017,False
True,Lisa Doucette,Director,Social Development,2017,True
False,Jacques Ouellet,Trustee,Post-Secondary Education Training and Labour,2017,False
True,Roger Gagnon,Worker's Advocate,Post-Secondary Education Training and Labour,2017,True
True,Robert Hooper,Small Claims Adjudicator,Justice and Public Safety,2017,False
True,Robert Charman,Small Claims Adjudicator,Justice and Public Safety,2017,False
False,Rachelle Gagnon,Chair the Board of Directors,Finance; New Brunswick Liquor Corporation,2017,False
True,Rachelle Gagnon,Member of the Board of Directors,Finance; New Brunswick Liquor Corporation,2017,False
True,Prisca Levesque,Small Claims Adjudicator,Justice and Public Safety,2017,False
False,Pierre LaFrance,Member of the Board of Directors,Finance; New Brunswick Liquor Corporation,2017,False
False,Paul Levesque,member of the Board of Directors,Post-Secondary Education Training and Labour,2017,False
True,Nicholas Ganong,member of the Board of Directors,Post-Secondary Education Training and Labour,2017,False
True,Mike Jenkins,Member of the Board of Directors,Finance; New Brunswick Liquor Corporation,2017,False
False,Louella Woods,Member of the Board of Directors,Finance; New Brunswick Liquor Corporation,2017,False
False,Lori-Ann Cyr,member of the Board of Governors,Post-Secondary Education Training and Labour,2017,False
False,Juliette Breau,member of the Board of Directors,Post-Secondary Education Training and Labour,2017,False
True,Jennifer Cleversey Moffitt,Small Claims Adjudicator,Justice and Public Safety,2017,False
False,Jason Alcorn,member of the Board of Governors,Post-Secondary Education Training and Labour,2017,False
False,Janel Ouellet,Member of the Board of Directors,Finance; New Brunswick Liquor Corporation,2017,False
True,Elizabeth Turgeon,Small Claims Adjudicator,Justice and Public Safety,2017,False
True,Edward Higgins,Small Claims Adjudicator,Justice and Public Safety,2017,False
True,David Bell,Small Claims Adjudicator,Justice and Public Safety,2017,False
False,Danie Roy,Small Claims Adjudicator,Justice and Public Safety,2017,False
True,Beverly Wilcox,member of the Board of Directors,Post-Secondary Education Training and Labour,2017,False
True,Arthur Doyle,Member of the Board of Directors,Finance; New Brunswick Liquor Corporation,2017,False
True,Angel Michaud,member of the Board of Directors,Post-Secondary Education Training and Labour,2017,False
True,Sarina McKinnon,Small Claims Adjudicator,Justice and Public Safety,2017,False
True,Andrew Wood,Small Claims Adjudicator,Justice and Public Safety,2017,False
False,Sylvie Benoit-Theriault,member of the Board of Governors,Post-Secondary Education Training and Labour,2017,False
False,Charles Malenfant,coroner,Justice and Public Safety,2017,False
False,Audrey Poitras,member,Executive Council Office,2017,False
False,Amy Pidt,member,"Tourism, Heritage and Culture",2017,False
False,Natalie LeBlanc,Provincial Court Judge,Justice and Public Safety,2017,False
False,Lucie Mathurin,Provincial Court Judge,Justice and Public Safety,2017,False
False,Kelly Ann Winchester,Provincial Court Judge,Justice and Public Safety,2017,False
False,Jolene Richard,Chief Judge,Justice and Public Safety,2017,False
False,Johanne-Marguerite Landry,Provincial Court Judge,Justice and Public Safety,2017,False
False,Joanne Durette,Provincial Court Judge,Justice and Public Safety,2017,False
False,Steve Gibson,coroner,Justice and Public Safety,2017,False
True,Peter Trask,Director,Social Development,2017,True
False,Michael George,lay representative,Health,2017,False
False,L. Craig Dalton,President,Social Development,2017,False
True,Kim Embleton,Director,Social Development,2017,True
True,Kelly Rodgers-Sturgeon,Director,Social Development,2017,True
True,Joan McGowan,Director,Social Development,2017,True
True,Jean Rioux,Director,Social Development,2017,True
False,Dominic Aube,Director,Social Development,2017,False
True,Denise Galley-Horncastle,Director,Social Development,2017,True
False,Catherine Blaney,member of the Board of Directors,Education and Early Childhood Development,2017,False
False,Stefan DeCourcey,commissioner,Finance,2017,False
True,Satyendra Satyanarayana,alternate member (psychiatrist),Health,2017,True
True,Moses A. Alatishe,alternate member (psychiatrist),Health,2017,True
True,Jerome Doucet,member (psychiatrist),Health,2017,True
False,Wanita McGraw,Member of the Board of Directors,Finance; New Brunswick Liquor Corporation,2017,False
False,Pierrette Bouchard,member,Post-Secondary Education Training and Labour,2017,False
False,Thomas Anthony Weber,vice-chairman,Environment and Local Government,2017,False
False,Debra Romero,Chairperson,Post-Secondary Education Training and Labour,2017,False
True,Hans Klohn,member of the Board of Governors,Post-Secondary Education Training and Labour,2017,False
False,Guylaine Duguay,Deputy Sheriff,Justice and Public Safety,2017,False
True,Gaetan Beaulieu,coroner,Justice and Public Safety,2017,False
False,Frederic Benoit,Deputy Sheriff,Justice and Public Safety,2017,False
False,Francois Frenette,Deputy Sheriff,Justice and Public Safety,2017,False
False,Fernand Landry,Deputy Sheriff,Justice and Public Safety,2017,False
False,Eric Cassista,Deputy Sheriff,Justice and Public Safety,2017,False
True,Duane R. Augustine,coroner,Justice and Public Safety,2017,False
True,Douglas Wayne Getty,coroner,Justice and Public Safety,2017,False
True,Della Malloch,coroner,Justice and Public Safety,2017,False
False,Danie Roy,alternate chair,Health,2017,False
False,Corey Boudreau,Deputy Sheriff,Justice and Public Safety,2017,False
False,Christina Michaud,Deputy Sheriff,Justice and Public Safety,2017,False
True,Burton Hall,coroner,Justice and Public Safety,2017,False
False,Britney Lukings,Deputy Sheriff,Justice and Public Safety,2017,False
False,Brian Attfield,alternate member,Health,2017,False
False,Brady Killam,Deputy Sheriff,Justice and Public Safety,2017,False
False,Bradley Willet,Deputy Sheriff,Justice and Public Safety,2017,False
False,Andrea Lane,Deputy Sheriff,Justice and Public Safety,2017,False
False,Alain Lavoie,Deputy Sheriff,Justice and Public Safety,2017,False
False,Thierry Arseneau,member of the Board of Governors,"Tourism, Heritage and Culture",2017,False
False,Haley Flaro,Vice-Chair,Post-Secondary Education Training and Labour,2017,False
True,Raymond Gorman,Chairperson,Energy and Resource Development,2017,False
False,Hollie Godbout,Deputy Sheriff,Justice and Public Safety,2017,False
False,Jacques Soucy,member,Health,2017,False
False,James Barrieau,Deputy Sheriff,Justice and Public Safety,2017,False
False,Jennifer Bergeron,Deputy Sheriff,Justice and Public Safety,2017,False
False,Travis Connors,Deputy Sheriff,Justice and Public Safety,2017,False
False,Shirley MacLean,chair,Health,2017,False
True,Robert W. Moore,coroner,Justice and Public Safety,2017,False
True,Robert W. Hewitson,coroner,Justice and Public Safety,2017,False
True,Robert S. Hart,coroner,Justice and Public Safety,2017,False
False,Rejean Chiasson,Deputy Sheriff,Justice and Public Safety,2017,False
True,Ralph J. Currie,coroner,Justice and Public Safety,2017,False
True,Peter Kiervin,coroner,Justice and Public Safety,2017,False
True,Paul F. McCarthy,coroner,Justice and Public Safety,2017,False
False,Patrick Arseneault,Deputy Sheriff,Justice and Public Safety,2017,False
False,Owen Anthony,Deputy Sheriff,Justice and Public Safety,2017,False
False,Bill Levesque,Deputy Minister responsible for the Aboriginal Affairs Secretariat,Executive Council Office,2017,False
True,Nicole Hachey,coroner,Justice and Public Safety,2017,False
False,Marilyn Caissie,Deputy Sheriff,Justice and Public Safety,2017,False
False,Karl Tremblay,Deputy Sheriff,Justice and Public Safety,2017,False
False,Justin Mann,Deputy Sheriff,Justice and Public Safety,2017,False
False,Josianne Sonier,Deputy Sheriff,Justice and Public Safety,2017,False
True,Joseph Kavanaugh,coroner,Justice and Public Safety,2017,False
False,Jordan Marston,Deputy Sheriff,Justice and Public Safety,2017,False
True,Jonathan Fulljames,coroner,Justice and Public Safety,2017,False
False,Jaimie Anne Corriveau,Trustee,Post-Secondary Education Training and Labour,2017,False
False,Joey Therrien,Deputy Sheriff,Justice and Public Safety,2017,False
False,Joey Laforge,Deputy Sheriff,Justice and Public Safety,2017,False
False,Jessy Nadeau,Deputy Sheriff,Justice and Public Safety,2017,False
True,Nathalie Godbout,alternate chair,Health,2017,True
False,Constance Sewell,member,Executive Council Office,2017,False
True,John Evans,coroner,Justice and Public Safety,2017,False
False,Jewell Mitchell,member,Executive Council Office,2017,False
False,Jennifer O'Donnell,Board of Governors as a person nominated by the Minister,Post-Secondary Education Training and Labour,2017,False
False,Imelda Perley,member of the Board,"Tourism, Heritage and Culture",2017,False
True,Gwen Davies,member of the Board,"Tourism, Heritage and Culture",2017,False
True,Gordon LaBillois,member of the Board,"Tourism, Heritage and Culture",2017,False
False,Elspeth M. Hagan,member of the Board,"Tourism, Heritage and Culture",2017,False
False,Elizabeth Watters-Gray,Board of Governors as a person nominated by the Minister,Post-Secondary Education Training and Labour,2017,False
False,Donna Bovolaneas,Board of Governors as a person nominated by the Board,Post-Secondary Education Training and Labour,2017,False
False,Derek Burchill,Board of Governors as a person nominated by the Minister,Post-Secondary Education Training and Labour,2017,False
True,Cyril Donahue,member of the Board,"Tourism, Heritage and Culture",2017,False
False,Nicole Picot,interim member,Energy and Resource Development; Finance,2017,False
False,Judy Wagner,interim member,Energy and Resource Development; Finance,2017,False
False,Jean Finn,interim member,Energy and Resource Development; Finance,2017,False
False,Gaetan Thomas,interim member,Energy and Resource Development; Finance,2017,False
False,Ed Barrett,interim member,Energy and Resource Development; Finance,2017,False
False,David Campbell,interim Chair,Energy and Resource Development; Finance,2017,False
False,Barbara Trenholm,interim member,Energy and Resource Development; Finance,2017,False
True,Sheila Rogers,member,Office of the Premier,2017,True
True,NoeIla Hebert,member,Office of the Premier,2017,False
True,Michael George,member,Office of the Premier,2017,True
True,Marc LeBlanc,member,Office of the Premier,2017,False
True,Linda Ferrier,member,Office of the Premier,2017,True
True,Gerald MacPherson,member,Office of the Premier,2017,True
True,Dawn Stevens,member,Office of the Premier,2017,True
True,Kathryn Hamer,member of the Board,"Tourism, Heritage and Culture",2017,False
False,Lindsay Bowman,Board of Governors as a person nominated by the Minister,Post-Secondary Education Training and Labour,2017,False
True,Louis J. Lavoie,member of the Board,"Tourism, Heritage and Culture",2017,False
True,Pamela Jane Barry,Board of Governors as a person nominated by the Board,Post-Secondary Education Training and Labour,2017,False
False,Jennifer Richard,member,Executive Council Office,2017,False
False,Hebert Arseneault,member,Environment and Local Government,2017,False
True,Gerard Robichaud,member,Environment and Local Government,2017,False
True,George Estey,member,Post-Secondary Education Training and Labour,2017,False
False,Gaetan Guerette,member of the Board of Directors,Post-Secondary Education Training and Labour,2017,False
False,Denis Goguen,alternate member,Environment and Local Government,2017,False
True,David F. Hildebrand,member,Environment and Local Government,2017,False
False,Daniel Leger,Vice-Chairperson,Post-Secondary Education Training and Labour,2017,False
False,Courtney Ryder,Worker's Advocate,Post-Secondary Education Training and Labour,2017,False
False,Chantal Arsenault,Worker's Advocate,Post-Secondary Education Training and Labour,2017,False
True,Brian D. Bruce,Vice-Chair,Post-Secondary Education Training and Labour,2017,False
True,Christine Evans,member,Office of the Premier,2017,True
False,Benoit Albert,member,Environment and Local Government,2017,False
False,Angie Walton,member,Environment and Local Government,2017,False
False,Angela Breau Caissie,alternate member,Environment and Local Government,2017,False
False,Amelie Aikman,Worker's Advocate,Post-Secondary Education Training and Labour,2017,False
True,Wayne McDonald,Board of Governors as a person nominated by the Board,Post-Secondary Education Training and Labour,2017,False
False,Vanessa Paesani,member of the Board,"Tourism, Heritage and Culture",2017,False
False,Tammy McAllister,member of the Board,"Tourism, Heritage and Culture",2017,False
False,Stephen J. Doucet,Chairman,Health,2017,False
False,Shannon Merrifield,President of the Board,"Tourism, Heritage and Culture",2017,False
True,Robert Landry,member of the Board,"Tourism, Heritage and Culture",2017,False
False,Rebecca Moffitt,member of the Board,"Tourism, Heritage and Culture",2017,False
True,Paul Elliot,Board of Governors as a person nominated by the Board,Post-Secondary Education Training and Labour,2017,False
True,Anna Goddard,Trustee,Post-Secondary Education Training and Labour,2017,False
True,Cheryl LeBlanc,member,Office of the Premier,2017,True
True,Alex Livingston,member,Environment and Local Government,2017,False
False,Andrew Daley,Chair,Office of the Premier,2017,False
True,Chad MacLean,member,Justice and Public Safety,2017,False
False,Cathy Rogers,Vice-Chair,Executive Council Office,2017,True
False,Brian Kenny,member,Executive Council Office,2017,True
False,Bill Fraser,member,Executive Council Office,2017,True
True,Anthony Wilkins,member,Justice and Public Safety,2017,False
False,Marc Leger,part-time members,Justice and Public Safety,2017,False
False,Colette Pelletier-Langevin,part-time members,Justice and Public Safety,2017,False
False,Patricia Brown-MacKenzie,Deputy Clerk of the Executive Council,Executive Council Office,2017,False
False,Michael Comeau,Deputy Minister of Justice and Public Safety,Executive Council Office,2017,False
False,Eric Beaulieu,President,Executive Council Office,2017,False
False,Eric Beaulieu,Deputy Minister of Social Development,Executive Council Office,2017,False
False,Lisa Doucette,Acting President,Executive Council Office,2017,False
False,Kim Embleton,Acting Deputy Minister,Executive Council Office,2017,False
False,Rina Arseneault,member,Executive Council Office,2017,False
False,Paulette Sonier Rioux,member,Executive Council Office,2017,False
False,Noella Richard,member,Executive Council Office,2017,False
False,Madhu Verma,member,Executive Council Office,2017,False
False,Madeleine Nickerson,member,Executive Council Office,2017,False
False,Lyne Chantal Boudreau,member,Executive Council Office,2017,False
False,Larry Hachey,member of the Board of Governors,Post-Secondary Education Training and Labour,2017,False
False,Jody Dallaire,member,Executive Council Office,2017,False
False,Annie Chiasson Doiron,member,Office of the Premier,2017,True
False,Joanne Britton,member,Executive Council Office,2017,False
True,Chris Snow,member,Justice and Public Safety,2017,False
True,David Evans,member,Justice and Public Safety,2017,False
False,Phylomene Zangio,member,Executive Council Office,2017,False
False,Donald Arseneault,member,Executive Council Office,2017,False
False,Victor Boudreau,member,Executive Council Office,2017,True
False,Wilma Gilcrist,member,Social Development,2017,False
False,Denis Nadeau,Board of Governors,Post-Secondary Education Training and Labour,2017,False
True,Terry Ogilvie,member,Social Development,2017,False
False,Sylvia Sargent,member,Social Development,2017,False
False,Steve Lambert,Board of Governors,Post-Secondary Education Training and Labour,2017,False
False,Roger Melanson,Chair,Executive Council Office,2017,True
False,Richard Hebert,member of the Board of Examiners for Power Engineers,Justice and Public Safety,2017,False
False,Pierre Godin,Vice-Chair,Social Development,2017,False
False,Peter Dignam,member of the Board of Examiners,Energy and Resource Development,2017,False
False,Peter Allaby,member of the Board of Directors,Environment and Local Government,2017,False
False,Patricia Sirois,member,Social Development,2017,False
False,Serge Rousselle,member,Executive Council Office,2017,True
False,Mary Lynch,member,Social Development,2017,False
True,Michael Davidson,Chair,Justice and Public Safety,2017,False
True,Floyd J. Guitard,member of the Board of Examiners for Power Engineers,Justice and Public Safety,2017,False
False,Edward Doherty,member,Executive Council Office,2017,True
True,Isabel Hicks,member,Social Development,2017,False
True,Jean Jacques Roy,Board of Governors,Post-Secondary Education Training and Labour,2017,False
False,Jeanne Smith,member,Social Development,2017,False
False,Lise Ouellette,member,Social Development,2017,False
False,Lyne Paquet,Board of Governors,Post-Secondary Education Training and Labour,2017,False
False,Marc Roy,chair,Health,2017,False
True,Kirby O'Donnell,member of the Board of Examiners for Power Engineers,Justice and Public Safety,2017,False
True,George Lacey,member of the Board of Examiners for Power Engineers,Justice and Public Safety,2017,False
True,Robert Speer,member representing the Dairy Farmers of New Brunswick,"Agriculture, Aquaculture and Fisheries",2018,False
True,Nathalie Chiasson,Chair,Post-Secondary Education Training and Labour,2018,False
False,Victor Somerville,member engaged directly as a producer,"Agriculture, Aquaculture and Fisheries",2018,False
False,Darlene Doiron,member,Executive Council Office,2018,False
True,Robert Shannon,"member representing the Department of Agriculture, Aquaculture and Fisheries and Chairperson","Agriculture, Aquaculture and Fisheries",2018,False
True,Paul Chiasson,member representing the New Brunswick Milk Dealers Association,"Agriculture, Aquaculture and Fisheries",2018,False
False,James Maurice Harquail,member representing the Department of Energy and Resource Development,Energy and Resource Development,2018,False
False,Kevin McKendy,Vice-Chairperson,"Agriculture, Aquaculture and Fisheries",2018,False
True,Kevin McKendy,member nominated by the Minister,"Agriculture, Aquaculture and Fisheries",2018,True
True,Gerard Robichaud,member representing forest industries,Energy and Resource Development,2018,False
True,Claude Pelletier,member representing producers,Energy and Resource Development,2018,False
False,Andrew Green,Chair,Energy and Resource Development,2018,False
False,George MacDonald,member of the Board of Directors,"Tourism, Heritage and Culture",2018,False
False,Robert Eckstein,part-time member,Justice and Public Safety,2018,False
False,Tina LeBlanc,lay representative,Health,2018,False
False,Lisa Barkley,member representing producers,Energy and Resource Development,2018,False
True,Joanne Sonier,public representative on the Board of Directors,Health,2018,False
False,Roland Cormier,member,Finance,2018,False
False,Mary Ellen Vaughan,member of the Board of Directors,"Tourism, Heritage and Culture",2018,False
False,Benoit Bourque,Minister of Health,Executive Council Office,2018,True
False,Monica Lavoie,lay representative,Health,2018,False
False,Benoit Bourque,Acting Minister of Aquaculture and Fisheries,Executive Council Office,2018,False
False,Andrew Harvey,"Acting Minister of Agriculture, Mines and Rural Affairs",Executive Council Office,2018,False
False,Andrew Harvey,Minister of Environment and Local Government,Executive Council Office,2018,False
True,Harvey Léger,member,Environment and Local Government,2018,False
True,Yves Gagnon,member,Finance,2018,False
True,Jody Dallaire,member,Executive Council Office,2018,True
False,Vincent L. Duff,member,Finance,2018,False
False,Jean Yannick Egnath,student member of the Board of Governors,Post-Secondary Education Training and Labour,2018,False
False,Evan Campbell,Health and Safety Officer,Post-Secondary Education Training and Labour,2018,False
False,Doug Gaudett,member of the Board of Directors,Service New Brunswick,2018,False
False,Randy Dickinson,Chair,Executive Council Office,2018,False
True,Noélla Richard,member,Executive Council Office,2018,False
True,Nelly Dennene,member,Executive Council Office,2018,False
False,Mayme Lefurgey,member,Executive Council Office,2018,False
True,Michael Wennberg,member,Finance,2018,False
True,Lynn Chaplin,part-time member and vice-chair,Justice and Public Safety,2018,False
False,Rebecca Deveau Crofts,member,Post-Secondary Education Training and Labour,2018,False
False,John W. Foran,part-time member,Justice and Public Safety,2018,False
True,Robyn Tingley,member,Post-Secondary Education Training and Labour,2018,False
False,Robert Frenette,member of the Board of Governors,Post-Secondary Education Training and Labour,2018,False
True,Rachel Maillet Bard,member of the Board of Governors,Post-Secondary Education Training and Labour,2018,False
True,Patrick Lacroix,member,Post-Secondary Education Training and Labour,2018,False
False,Natasha Phillips,Deputy Sheriff,Justice and Public Safety,2018,False
False,Monica Plourde,Member,Environment and Local Government,2018,False
False,Michel Boudreau,Chief Sheriff,Justice and Public Safety,2018,False
False,Mark Flint,member,Post-Secondary Education Training and Labour,2018,False
False,Marie Eve Chartrand,member,Intergovernmental Affairs,2018,False
False,Marianne Mallia,member,Post-Secondary Education Training and Labour,2018,False
False,Marcel Duguay,member of the Board of Governors,Post-Secondary Education Training and Labour,2018,False
False,Lori Clark,member,Post-Secondary Education Training and Labour,2018,False
False,Julie Gallant,Chair,Post-Secondary Education Training and Labour,2018,False
False,Joshua MacDougald,Deputy Sheriff,Justice and Public Safety,2018,False
False,Benoit Bourque,Minister of Service New Brunswick,Executive Council Office,2018,False
True,Sheila Murray,Member,Environment and Local Government,2018,False
False,Suzie Chenard,member of the Board of Governors,Post-Secondary Education Training and Labour,2018,False
True,Thomas Gribbons,member,Post-Secondary Education Training and Labour,2018,False
False,Valentina Cojocaru,Deputy Sheriff,Justice and Public Safety,2018,False
False,John Best,member,"Agriculture, Aquaculture and Fisheries",2018,False
False,Holly Nason,Registrar of Regulations,Office of the Attorney General,2018,False
True,David Seeley,member,"Agriculture, Aquaculture and Fisheries",2018,True
False,Corey J. Burton,medical practitioner,"Tourism, Heritage and Culture",2018,False
False,Judge David Ryan,Judge,Justice and Public Safety,2018,False
False,Teshome S. Kelkile,alternate member (psychiatrist),Health,2018,False
False,Obioma K. Ozumba,alternate member (psychiatrist),Health,2018,False
False,Lynn Chaplin,vice-chair,Justice and Public Safety,2018,False
False,Michel Carrier,Acting Commissioner of Official Languages,Executive Council Office,2018,False
False,Michael MacMullin,worker representative,Post-Secondary Education Training and Labour,2018,False
True,Jeff Jennings,member,Executive Council Office,2018,False
True,Janet Gagnon,member,Executive Council Office,2018,False
False,Jack Haller,alternate chair,Health,2018,False
False,Donna McNeill,worker representative,Post-Secondary Education Training and Labour,2018,False
False,Denise Frenette,member of the Board of Governors,Post-Secondary Education Training and Labour,2018,False
True,Bernard Morin,member,Executive Council Office,2018,False
False,Michael Marin,Vice-Chairperson,Post-Secondary Education Training and Labour,2018,False
False,Denis Landry,Solicitor General,Executive Council Office,2018,False
False,Brian Eyolfson,Commissioner,Aboriginal Affairs Secretariat,2018,False
False,Denis Landry,Acting Minister of Transportation and Infrastructure,Executive Council Office,2018,False
False,Marion R. Butler,Commissioner,Aboriginal Affairs Secretariat,2018,False
False,E. Qajaq Robinson,Commissioner,Aboriginal Affairs Secretariat,2018,False
False,Debbie Jefferson,Inspector of Anatomy,Health,2018,False
False,Sherry Wilson,member,Executive Council Office,2018,False
False,Ross Wetmore,member,Executive Council Office,2018,False
False,Mike Holland,member,Executive Council Office,2018,False
False,Mary Wilson,member,Executive Council Office,2018,False
False,Jeff Carr,member,Executive Council Office,2018,False
False,Hugh J. (Ted) Flemming,member,Executive Council Office,2018,False
False,Ernie Steeves,Chair,Executive Council Office,2018,False
False,Dominic Cardy,Vice-Chair,Executive Council Office,2018,False
False,Bill Oliver,member,Executive Council Office,2018,False
False,Trevor Holder,members of the Executive Council,Executive Council Office,2018,False
False,Sherry Wilson,Minister of Service New Brunswick,Executive Council Office,2018,False
False,Sherry Wilson,members of the Executive Council,Executive Council Office,2018,False
False,Michéle Tania Audette,Commissioner,Aboriginal Affairs Secretariat,2018,False
False,Andrea Hull,Administrator,Justice and Attorney General,2018,False
False,Andrea Hull,Clerk,Justice and Attorney General,2018,False
False,Andrea Hull,Deputy Registrar,Justice and Attorney General,2018,False
False,Jill Stairs,member,Post-Secondary Education Training and Labour,2018,False
False,Charles Murray,Acting Integrity Commissioner,Executive Council Office,2018,False
True,Mona Levesque,member for the north,Health,2018,False
False,Mercedes Guenette,Student Member of the Board of Governors,Post-Secondary Education Training and Labour,2018,False
False,Louis Léger,Chief of Staff and Deputy Minister,Executive Council Office,2018,False
True,Guy Dumas,member and chair for Zone 5,Health,2018,False
True,Edgar Landry,lay representative,Health,2018,True
False,Ross Wetmore,members of the Executive Council,Executive Council Office,2018,False
False,Ryan Donaghy,member and vice-chairman,Environment and Local Government,2018,False
False,Kathleen Chapman,Residential Tenancies Officer,Service New Brunswick,2018,False
False,Joanna Viamakis,Residential Tenancies Officer,Service New Brunswick,2018,False
False,Grace Lee Cutler,member and secretary,Environment and Local Government,2018,False
False,Chantal Moreau,Deputy Registrar,Justice and Attorney General,2018,False
False,Chantal Moreau,Clerk,Justice and Attorney General,2018,False
False,Chantal Moreau,Administrator,Justice and Attorney General,2018,False
False,Andrea Hull,Clerk,Justice and Attorney General,2018,True
True,Mr. Peter Klohn,Chair,Finance,2018,False
False,Denis Landry,Minister of Justice and Public Safety,Executive Council Office,2018,True
False,Robert Gauvin,"Minister of Tourism, Heritage and Culture",Executive Council Office,2018,False
False,Mike Holland,members of the Executive Council,Executive Council Office,2018,False
False,William C. Kean,Her Majesty’s Counsel,,2018,False
False,Scott A. Brittain,Her Majesty’s Counsel,,2018,False
False,Robert M. Dysart,Her Majesty’s Counsel,,2018,False
False,Lyne Raymond,Her Majesty’s Counsel,,2018,False
False,Linda Boudreau,Her Majesty’s Counsel,,2018,False
False,Guy Dumas,Her Majesty’s Counsel,,2018,False
False,Grant Ogilvie,Her Majesty’s Counsel,,2018,False
False,Edward W. Keyes,Her Majesty’s Counsel,,2018,False
False,Anne Warner La Forest,Her Majesty’s Counsel,,2018,False
False,Anik Bossé,Her Majesty’s Counsel,,2018,False
False,Roger Melanson,Minister of Post-Secondary Education,Executive Council Office,2018,True
False,Roger Melanson,President of Treasury Board,Executive Council Office,2018,True
False,Roger Melanson,Acting Minister of Energy and Resource Development,Executive Council Office,2018,False
False,Gilles LePage,"Acting Minister of Tourism, Heritage and Culture",Executive Council Office,2018,False
False,Gilles LePage,"Minister of Labour, Employment and Population Growth",Executive Council Office,2018,True
False,Andrea Anderson-Mason,Her Majesty's Counsel,Executive Council Office,2018,False
False,Andrea Anderson-Mason,members of the Executive Council,Executive Council Office,2018,False
False,Bill Oliver,members of the Executive Council,Executive Council Office,2018,False
False,Bill Oliver,Minister of Transportation and Infrastructure,Executive Council Office,2018,False
False,Mike Holland,Minister of Energy and Resource Development,Executive Council Office,2018,False
False,Mary E. Wilson,members of the Executive Council,Executive Council Office,2018,False
False,Jeff Carr,Minister of Environment and Local Government,Executive Council Office,2018,False
False,Jeff Carr,members of the Executive Council,Executive Council Office,2018,False
False,Jake Stewart,members of the Executive Council,Executive Council Office,2018,False
False,Hugh John (Ted) Flemming,Minister of Health,Executive Council Office,2018,False
False,Hugh John (Ted) Flemming,members of the Executive Council,Executive Council Office,2018,False
False,Robert Gauvin,members of the Executive Council,Executive Council Office,2018,False
False,Greg Thompson,members of the Executive Council,Executive Council Office,2018,False
False,Ernie Steeves,members of the Executive Council,Executive Council Office,2018,False
False,Dorothy Shephard,members of the Executive Council,Executive Council Office,2018,False
False,Dominic Cardy,Minister of Education and Early Childhood Development,Executive Council Office,2018,False
False,Dominic Cardy,members of the Executive Council,Executive Council Office,2018,False
False,Carl Urquhart,members of the Executive Council,Executive Council Office,2018,False
False,Blaine Higgs,members of the Executive Council,Executive Council Office,2018,False
False,Blaine Higgs,Premier and President of the Executive Council,Executive Council Office,2018,False
False,Ernie Steeves,Minister of Finance and President of Treasury Board,Executive Council Office,2018,False
True,Jeanne Smith,Alternate Member,Environment and Local Government,2018,False
False,Tammy Moore,Emergency Adjudicative Officer,Justice and Public Safety,2018,False
False,Gillian Paul,member,Post-Secondary Education Training and Labour,2018,False
False,Paul Jordan,Vice-Chair,"Agriculture, Aquaculture and Fisheries",2018,False
False,Paul Fudge,Member,"Agriculture, Aquaculture and Fisheries",2018,False
False,Maurice Maillet,Chair,"Agriculture, Aquaculture and Fisheries",2018,False
False,Kevin McKendy,Member,"Agriculture, Aquaculture and Fisheries",2018,False
False,Jan Rademaker,Member,"Agriculture, Aquaculture and Fisheries",2018,False
False,Eric Beaulieu,President,,2018,False
False,Doris Losier,Member,"Agriculture, Aquaculture and Fisheries",2018,False
False,Cathy LaRochelle,Member,,2018,False
False,Cathy LaRochelle,Chair,"Agriculture, Aquaculture and Fisheries",2018,False
False,Cathy LaRochelle,Member of the Board of Directors,,2018,False
False,Brian McCullum,Member,"Agriculture, Aquaculture and Fisheries",2018,False
False,Bev Bacon,Member,"Agriculture, Aquaculture and Fisheries",2018,False
False,Benson Milner,Member,"Agriculture, Aquaculture and Fisheries",2018,False
False,Paul Mazerolle,President,Office of the Premier,2018,False
False,Stephanie Cormier,member,"Agriculture, Aquaculture and Fisheries",2018,False
False,Paul-Emile Soucy,Member,"Agriculture, Aquaculture and Fisheries",2018,False
False,Stephanie Basque,residential tenancies officer,Service New Brunswick,2018,False
False,Sadie Perron,Vice-Chair,"Agriculture, Aquaculture and Fisheries",2018,False
False,Cheryl Geldart Greer,commissioner,Finance,2018,False
True,Elizabeth Macpherson,Vice-Chair,Post-Secondary Education Training and Labour,2018,False
False,Donna McLaughlin,member,Health,2018,False
False,Denis Pinet,Returning Officer,Elections New Brunswick,2018,False
False,Camille R. Malenfant,Returning Officer,Elections New Brunswick,2018,False
True,Yves Roy,member,Social Development,2018,False
True,Kathy Briggs,member and Chair,Social Development,2018,False
True,Francine Mulherin,member,Social Development,2018,False
True,Doreen Saulis,member,Social Development,2018,False
True,Diane Boulay,member,Social Development,2018,False
True,Virginia Gillmore,member,Health,2018,True
True,Stephanie Warren,member of the Board of Directors,Education and Early Childhood Development,2018,True
True,Ruth Lyons,public member,Health,2018,False
False,Melissa Langlais,member,Health,2018,False
False,George Murray,member,Health,2018,False
False,Douglas Jones,President and Chief Executive Officer,Post-Secondary Education Training and Labour,2018,False
False,Yves Banville,Member,"Agriculture, Aquaculture and Fisheries",2018,False
False,Nicole Smith,residential tenancies officer,Service New Brunswick,2018,False
False,Murphy Friesen,member,"Agriculture, Aquaculture and Fisheries",2018,False
True,Léopold Bourgeois,Chairperson,"Agriculture, Aquaculture and Fisheries",2018,False
False,Maurice Chasse,member of the Discipline Committee,Environment and Local Government,2018,False
False,Martine Marchand,Member,Executive Council Office,2018,False
False,Marjorie Davidson,member of the Board of Directors,Environment and Local Government,2018,False
False,Louise Seales,Member,Executive Council Office,2018,False
False,Louise Duguay-LePage,Member of the Board of Directors,Service New Brunswick,2018,False
False,Line Doiron,Member,Executive Council Office,2018,False
True,Jennifer Richard,Member,Executive Council Office,2018,False
True,Jennifer Cleversey Moffit,Vice-Chairperson,Post-Secondary Education Training and Labour,2018,False
False,Jami Moore,member,Social Development,2018,False
False,James Proudfoot,member,Social Development,2018,False
True,Garth Lawson,Member of the Board of Directors,Service New Brunswick,2018,False
False,David Ronald Ames,member,Justice and Public Safety,2018,False
True,Candace Salmon,Vice-Chairperson,Post-Secondary Education Training and Labour,2018,False
False,Anne McKay,member,Social Development,2018,False
True,Anik Bosse,Vice-Chairperson,Post-Secondary Education Training and Labour,2018,False
True,Mireille Saulnier,Member of the Board of Directors,Service New Brunswick,2018,False
False,Patricia Morris,Member,Executive Council Office,2018,False
False,Remi Roussel,member,Justice and Public Safety,2018,False
True,Roberta Dugas,Member of the Board of Directors,Service New Brunswick,2018,False
True,Kier Miller,member and chair,"Agriculture, Aquaculture and Fisheries",2018,False
False,Katherine McBrearty,Deputy Chief Residential Tenancies Officer,Service New Brunswick,2018,False
False,Katherine McBrearty,residential tenancies officer,Service New Brunswick,2018,False
True,John Robinson Jr.,member,"Agriculture, Aquaculture and Fisheries",2018,False
False,Gilles Godbout,member,"Agriculture, Aquaculture and Fisheries",2018,False
True,Gerald Chevrier,member,"Agriculture, Aquaculture and Fisheries",2018,False
True,Gailen Allan,Vice-Chairperson,"Agriculture, Aquaculture and Fisheries",2018,False
False,Gregory F. Stewart,coroner,Justice and Public Safety,2018,False
True,Eddy Robichaud,vice-chair,"Agriculture, Aquaculture and Fisheries",2018,False
True,David DuPlessis,member,"Agriculture, Aquaculture and Fisheries",2018,False
True,Beth Hatt,member,"Agriculture, Aquaculture and Fisheries",2018,False
False,Arséne Roussel,member,"Agriculture, Aquaculture and Fisheries",2018,False
False,Zara Morrison,member,Social Development,2018,False
False,Wendy Wetteland,Member,Executive Council Office,2018,False
False,Roland Cormier,Vice-Chair of the Board of Directors,Service New Brunswick,2018,False
False,Roger Senechal,member,Social Development,2018,False
False,David Nowlan,member of the Board of Directors,Finance,2018,False
True,Heather Jensen,member,Health,2018,True
False,Erin Doucette,residential tenancies officer,Service New Brunswick,2018,False
True,John McEvoy,Vice-Chair,Post-Secondary Education Training and Labour,2018,False
False,Nancy Whipp,Director of the board of directors,Energy and Resource Development,2018,False
True,Mike Wilson,Director of the board of directors,Energy and Resource Development,2018,False
False,Matthew Cripps,Case Management Master,Justice and Public Safety,2018,False
True,Mark Reddemann,Director of the board of directors,Energy and Resource Development,2018,False
True,Judith Athaide,Director of the board of directors,Energy and Resource Development,2018,False
False,Jennifer Henry,Director of the board of directors,Energy and Resource Development,2018,False
False,Donald Boudreau,Case Management Master,Justice and Public Safety,2018,False
True,Charles Firlotte,Director of the board of directors,Energy and Resource Development,2018,False
True,Barbara Trenholm,Director of the board of directors,Energy and Resource Development,2018,False
False,Anne Bertrand,Director of the board of directors,Energy and Resource Development,2018,False
False,Scott Lloy,member of the Municipal Capital Borrowing Board,Environment and Local Government,2018,False
False,Sara Young,member and secretary of the Municipal Capital Borrowing Board,Environment and Local Government,2018,False
False,Mélanie McGrath,member,Finance,2018,False
True,Andrea Stierle-MacNeill,lay representative,Health,2018,True
True,Katherine Munro,member,Finance,2018,False
False,Andrew Harvey,Minister of Environment and Local Government,Executive Council Office,2018,True
False,Benoit Bourque,Minister of Service New Brunswick,Executive Council Office,2018,True
False,Benoit Bourque,Member,Executive Council Office,2018,True
False,Bill Fraser,Member,Executive Council Office,2018,True
False,Jean-Claude Pelletier,member,Post-Secondary Education Training and Labour,2018,False
False,Gary Mersereau,Alternate Member,Environment and Local Government,2018,False
False,Dominic Gould,Deputy Sheriff,Justice and Public Safety,2018,False
True,Cécile Paulin-Larocque,member,Intergovernmental Affairs,2018,False
False,Cody Boudreau,Deputy Sheriff,Justice and Public Safety,2018,False
False,Bill Campbell,Member,Environment and Local Government,2018,False
False,Benjamin Wolthers,member,Post-Secondary Education Training and Labour,2018,False
True,Francine Kanhai,member,Finance,2018,False
False,Anne Gauvin,member,Post-Secondary Education Training and Labour,2018,False
False,Brian Gallant,Her Majesty's Counsel,Executive Council Office,2018,False
False,Wilfred Roussel,Member,Executive Council Office,2018,False
False,Wilfred Roussel,member,Executive Council Office,2018,False
False,Roger Melanson,Chair,Executive Council Office,2018,True
False,Francine Landry,Member,Executive Council Office,2018,True
False,Cathy Rogers,Vice-Chair,Executive Council Office,2018,True
False,Brian Gallant,Attorney General,Executive Council Office,2018,False
True,Allison McCain,Chancellor,Post-Secondary Education Training and Labour,2018,True
False,Yvonne Samson,Director,Social Development,2018,False
False,Brian Kenny,Member,Executive Council Office,2018,True
False,Scott Green,Director,Social Development,2018,False
False,Brian Maude,Emergency Adjudicative Officer,Justice and Public Safety,2018,False
False,Brian Maude,Adjudicator,Justice and Public Safety,2018,False
False,Anne Richard,Case Management Master,Justice and Public Safety,2018,False
False,Anne Richard,Emergency Adjudicative Officer,Justice and Public Safety,2018,False
False,Roger Gagnon,Employer's Advocate,Post-Secondary Education Training and Labour,2018,False
True,Robert Breen,Vice-Chair,Post-Secondary Education Training and Labour,2018,False
True,Rita Labrie,member,Health,2018,True
False,Brian Maude,Case Management Master,Justice and Public Safety,2018,False
True,Paulette Richard,member,Health,2018,True
True,Nathalie Boivin,member,Health,2018,True
False,Maryse Galzier,Worker's Advocate,Post-Secondary Education Training and Labour,2018,False
True,Maryléne Pilote,Vice-Chair,Post-Secondary Education Training and Labour,2018,False
True,Kitty Maurey,Vice-Chair,Post-Secondary Education Training and Labour,2018,False
True,Kim Nash-MckKinley,member,Health,2018,False
False,Tom MacFarlane,Director,Social Development,2018,False
False,Judi Sloat,Returning Officer,Elections New Brunswick,2018,False
False,Patrick McCaffrey,Returning Officer,Elections New Brunswick,2018,False
False,Diane Deschénes,Emergency Adjudicative Officer,Justice and Public Safety,2018,False
True,Peggy Doyle,member,Health,2018,True
False,Diane Deschénes,Case Management Master,Justice and Public Safety,2018,False
False,Kelli Simmonds,Commissioner of Municipal Affairs,,2018,False
False,Diane Deschénes,Adjudicator,Justice and Public Safety,2018,False
False,Eric Beaulieu,President,Social Development,2018,False
True,Dominic Aubé,Director,Social Development,2018,False
False,Cathy Graham,Director,Finance,2018,False
False,Carla Gregan-Burns,Director,Social Development,2018,False
False,Amélie Deschénes,Director,Social Development,2018,True
False,Carol Desrosiers,Director,Social Development,2018,False
False,Lynn Ouellette Sauvageau,Director,Social Development,2018,False
True,Janet Hoyt,member,Post-Secondary Education Training and Labour,2018,False
False,Tammy Moore,Adjudicator,Justice and Public Safety,2018,False
False,Matthew Cripps,Emergency Adjudicative Officer,Justice and Public Safety,2018,False
False,Donald Boudreau,Chief Hearing Officer,Justice and Public Safety,2018,False
False,Donald Boudreau,Emergency Adjudicative Officer,Justice and Public Safety,2018,False
False,Tammy Moore,Case Management Master,Justice and Public Safety,2018,False
False,Donald Boudreau,Adjudicator,Justice and Public Safety,2018,False
False,Fred W. Hamilton,Returning Officer,Executive Council Office,2019,False
False,George Duff,Returning Officer,Executive Council Office,2019,False
False,Gerard Beaulieu,Returning Officer,Executive Council Office,2019,False
False,James Patrick Carr,Returning Officer,Executive Council Office,2019,False
True,James Stanley,worker representative,Post-Secondary Education Training and Labour,2019,True
False,Harry Gerard Gallant,coroner,Public Safety,2019,False
False,Frangois Breton,provincial analyst,Public Safety,2019,False
True,Irene McCardle,member,Executive Council Office,2019,True
False,Gérald Mallais,Returning Officer,Executive Council Office,2019,False
True,Hector Losier,worker representative,Post-Secondary Education Training and Labour,2019,True
False,Delcia Cool,Returning Officer,Executive Council Office,2019,False
False,Eleanor Leonard,Returning Officer,Executive Council Office,2019,False
False,Dorthy Vernon,provincial analyst,Public Safety,2019,False
False,Donald Wade,Returning Officer,Executive Council Office,2019,False
False,Denis Desjardins,coroner,Public Safety,2019,False
False,Deanna Hawkins-Scott,Returning Officer,Executive Council Office,2019,False
False,Dean Johnston,Returning Officer,Executive Council Office,2019,True
True,David Rogers,member,Executive Council Office,2019,True
False,Janet Gagnon,member and Vice-Chair,Executive Council Office,2019,False
False,David Rolls,Returning Officer,Executive Council Office,2019,False
False,Eveline Harrison,Returning Officer,Executive Council Office,2019,False
False,Jean Guy Marquis,Returning Officer,Executive Council Office,2019,False
False,Léo Doiron,Returning Officer,Executive Council Office,2019,False
False,Jessica Diano,provincial analyst,Public Safety,2019,False
False,Michael J. Morrison,Returning Officer,Executive Council Office,2019,False
False,Cindy Carrier,provincial analyst,Public Safety,2019,False
False,Melodie Bourque-Melanson,Returning Officer,Executive Council Office,2019,False
False,Mel Parker,Returning Officer,Executive Council Office,2019,False
True,Meaghan Seagrave,member,Executive Council Office,2019,False
False,Mark Guindon,Returning Officer,Executive Council Office,2019,True
True,Lucien Sonier,employer representative,Post-Secondary Education Training and Labour,2019,True
False,Libby Macdonald,director,Social Development,2019,False
True,Levi Hargrove,member,Executive Council Office,2019,True
False,Leo Belliveau,Returning Officer,Executive Council Office,2019,True
False,Leanne Murray,director,Social Development,2019,False
False,Krista Hall,Returning Officer,Executive Council Office,2019,False
False,Krista D. Price Lambert,Returning Officer,Executive Council Office,2019,False
True,Kelli Simmonds,member,Executive Council Office,2019,True
False,Kay Simonds,Returning Officer,Executive Council Office,2019,False
False,Kathryn B. Dalling,Returning Officer,Executive Council Office,2019,False
False,Kathleen H. MacDonald,Returning Officer,Executive Council Office,2019,False
False,Kara Rutter Swiecki,provincial analyst,Public Safety,2019,False
False,Joanne Plourde,Returning Officer,Executive Council Office,2019,False
False,Joanne Nice,Returning Officer,Executive Council Office,2019,False
False,Jim Mehan,director,Social Development,2019,False
False,Jeannot Roy,Returning Officer,Executive Council Office,2019,False
True,Cathy LaRochelle,member,Executive Council Office,2019,False
False,Chief Hugh Akagi,Board Member,"Tourism, Heritage and Culture",2019,False
False,Camilo Augusto Quintero,provincial analyst,Public Safety,2019,False
False,Monica LeClerc,Deputy Sheriff,Public Safety,2019,False
False,Mel Parker,trustee from the public at large,Post-Secondary Education Training and Labour,2019,False
False,Marianne Mallia,Chair,Post-Secondary Education Training and Labour,2019,False
False,Katie Bowden,Board Member,"Tourism, Heritage and Culture",2019,False
True,Kathryn Hamer Edwards,Board Member,"Tourism, Heritage and Culture",2019,False
False,Fabrice Amang Dang,student member,Post-Secondary Education Training and Labour,2019,False
False,Diane Brideau-Laughlin,public member,Health,2019,False
False,Derek Cooke,Board Member,"Tourism, Heritage and Culture",2019,False
False,Denise Hollway,public member,Health,2019,False
True,Patricia O'Dell,public member,Health,2019,True
False,D. Grant MacAdam,Deputy Sheriff,Public Safety,2019,False
False,Catherine Isabel Eddy,Board Member,"Tourism, Heritage and Culture",2019,False
False,Bernard Bourque,trustee representing the New Brunswick Public Libraries Board,Post-Secondary Education Training and Labour,2019,False
False,Barbara Jessome,trustee from the public at large,Post-Secondary Education Training and Labour,2019,False
False,Antony Peters,Deputy Sheriff,Public Safety,2019,False
False,Adam Sturgeon,Deputy Sheriff,Public Safety,2019,False
False,Patrick Parent,President,Finance and Treasury Board,2019,False
False,Tom Mann,Trustee,Social Development,2019,False
False,Thomas MacFarlane,Member,Executive Council Office,2019,False
False,Michel Vautour,Returning Officer,Executive Council Office,2019,False
False,Charlaine Gauthier,trustee from the public at large,Post-Secondary Education Training and Labour,2019,False
True,Robert G. Landry,President of the Board,"Tourism, Heritage and Culture",2019,False
False,Shawn McCarthy,Board Member,"Tourism, Heritage and Culture",2019,False
False,Stephany Peterson,Board Member,"Tourism, Heritage and Culture",2019,False
False,Brigitte Cyr Page,Returning Officer,Executive Council Office,2019,False
False,Brenda Graham,Returning Officer,Executive Council Office,2019,False
False,Bill Kingston,Returning Officer,Executive Council Office,2019,False
False,Bernice Williams,Returning Officer,Executive Council Office,2019,False
False,Augustina Lanteigne,Returning Officer,Executive Council Office,2019,False
False,Arthur P. Sisk,Returning Officer,Executive Council Office,2019,False
False,Armand LeBlanc,Returning Officer,Executive Council Office,2019,False
True,Annette Comeau,member,Executive Council Office,2019,False
False,Alison R. Gallagher,Returning Officer,Executive Council Office,2019,False
False,Alina M. Anghel,provincial analyst,Public Safety,2019,False
False,YWCA Moncton,member organization,Executive Council Office,2019,False
False,New Brunswick Multicultural Association,member organization,Executive Council Office,2019,False
False,New Brunswick Aboriginal People’s Council,member organization,Executive Council Office,2019,False
True,Carol Dixon,member representing the Department of Energy and Resource Development,Energy and Resource Development,2019,False
False,Tim Petersen,Governor,Post-Secondary Education Training and Labour,2019,False
True,Sara Jean Berry,Member,Health,2019,False
False,Louise Caissie,Alternate Chair,Health,2019,False
False,Jennifer Cleversey Moffitt,Alternate Chair,Health,2019,False
False,Blaine Higgs,Minister of Intergovernmental Affairs,Executive Council Office,2019,False
False,William Forrestall,Board Member,"Tourism, Heritage and Culture",2019,False
False,Tim Ringuette,trustee from the public at large,Post-Secondary Education Training and Labour,2019,False
False,Carl Killen,Returning Officer,Executive Council Office,2019,False
False,Micheline Hachey,Returning Officer,Executive Council Office,2019,False
False,Robert Belliveau,acting Chief Coroner,Public Safety,2019,False
False,Nancy Sutherland,Returning Officer,Executive Council Office,2019,False
True,William H. Watts,Small Claim Adjudicator,Justice and Attorney General,2019,False
False,Rhonda Connors-Losier,Returning Officer,Executive Council Office,2019,False
False,Michael J. Morrison,Returning Officer,Executive Council Office,2019,True
True,Matthew Cripps,Small Claim Adjudicator,Justice and Attorney General,2019,False
False,Marc Leger,part-time member and vice-chair,Public Safety,2019,False
True,Marc Leger,part-time member and vice-chair,Public Safety,2019,True
False,Lynn Chaplin,part-time member and chair,Public Safety,2019,False
True,Joan Collins,Small Claim Adjudicator,Justice and Attorney General,2019,False
True,Jean-Francois Cyr,Small Claim Adjudicator,Justice and Attorney General,2019,False
False,Gregory Zed,Member,Office of the Premier,2019,False
True,Donald C. Arseneau,Small Claim Adjudicator,Justice and Attorney General,2019,False
False,Cyril Donahue,Returning Officer,Executive Council Office,2019,False
False,Cheri Smith,Returning Officer,Executive Council Office,2019,False
True,Anne M. Richard,Small Claim Adjudicator,Justice and Attorney General,2019,False
True,Amanda J. Evans,Small Claim Adjudicator,Justice and Attorney General,2019,False
False,Marcel Lavoie,Deputy Minister of Education and Early Childhood Development (Francophone),Executive Council Office,2019,False
False,Kelly Cain,Deputy Minister of Intergovernmental Affairs,Executive Council Office,2019,False
False,Karl Clancey,member of the Board of Directors,Social Development,2019,False
True,Juan Estepa,member of the Board of Directors,Social Development,2019,False
False,John P. Logan,Acting Deputy Minister of Transportation and Infrastructure,Executive Council Office,2019,False
True,David Gauthier,Small Claim Adjudicator,Justice and Attorney General,2019,False
False,Richard Ayles,member,Environment and Local Government,2019,False
False,Robert Arsenault,member,Environment and Local Government,2019,False
False,Sandy Bastarache,member,Environment and Local Government,2019,False
False,William (Bill) Treadwell,Returning Officer,Elections New Brunswick,2019,False
False,Victorine Robichaud,municipal returning officer,Elections New Brunswick,2019,False
False,Terry Totten,municipal returning officer,Elections New Brunswick,2019,False
False,Tanya Cooper,municipal returning officer,Elections New Brunswick,2019,False
False,Steve Gourdeau,Deputy Chief Residential Tenancies Officer,Service New Brunswick,2019,False
False,Steve Gourdeau,Residential Tenancies Officer,Service New Brunswick,2019,False
False,Richard Ayles,municipal returning officer,Elections New Brunswick,2019,False
False,Patti Nason,municipal returning officer,Elections New Brunswick,2019,True
False,O'Neil Arseneau,municipal returning officer,Elections New Brunswick,2019,True
False,Mary Casement,municipal returning officer,Elections New Brunswick,2019,True
False,Mark Guindon,municipal returning officer,Elections New Brunswick,2019,True
False,Lori Ann Tweedie,municipal returning officer,Elections New Brunswick,2019,False
False,Lore-Ann Carroll,municipal returning officer,Elections New Brunswick,2019,False
False,Delcia Cool,municipal returning officer,Elections New Brunswick,2019,False
False,Darren McLeod,member,"Tourism, Heritage and Culture",2019,False
False,Cyril Donahue,municipal returning officer,Elections New Brunswick,2019,True
False,Clarence Melanson,municipal returning officer,Elections New Brunswick,2019,False
False,Blake Kennedy,municipal returning officer,Elections New Brunswick,2019,False
False,Beverley Wood,Residential Tenancies Officer,Service New Brunswick,2019,False
True,Alain Boisvert,member,"Tourism, Heritage and Culture",2019,True
True,Stephen Beatteay,"Member, representing employers",Post-Secondary Education Training and Labour,2019,False
False,Jean-Marc Dupuis,Secretary to Cabinet,Executive Council Office,2019,False
False,Janice Allen-Scott,member of the Board of Directors,Social Development,2019,False
True,Ian G. Stead,member of the Board of Directors,Social Development,2019,False
True,Helen Jean Newman,member of the Board of Directors,Social Development,2019,False
False,Frederick A. Welsford,Her Majesty's Counsel,Executive Council Office,2019,False
False,Donna L. MacEwen,Her Majesty's Counsel,Executive Council Office,2019,False
False,Donald French,member,Finance and Treasury Board,2019,False
False,Cynthia Jeanne Benson,Her Majesty's Counsel,Executive Council Office,2019,False
False,Blair C. Fraser,Her Majesty's Counsel,Executive Council Office,2019,False
True,Allison Walker,member,"Tourism, Heritage and Culture",2019,False
False,Allison Walker,Chair of the Board of Directors,"Tourism, Heritage and Culture",2019,True
False,Lyne Raymond,chairperson,Justice and Attorney General,2019,False
False,Christopher S. Bryniak,member,Justice and Attorney General,2019,False
False,Christopher O'Connell,Registrar of Gaming Control,Public Safety,2019,False
False,William W. Hicks,Returning Officer,Executive Council Office,2019,False
False,William F. (Billy) Justason,Returning Officer,Executive Council Office,2019,False
False,Victorine Robichaud,Returning Officer,Executive Council Office,2019,True
False,Vernon Thomas,Returning Officer,Executive Council Office,2019,False
True,Shelley Rinehart,member and Chair,Executive Council Office,2019,False
False,Sandra Keirstead Thorne,Returning Officer,Executive Council Office,2019,False
False,Richard G. Thorne,Returning Officer,Executive Council Office,2019,False
False,Raoul Leger,Returning Officer,Executive Council Office,2019,False
False,Raoul Gionet,coroner,Public Safety,2019,False
False,Patrick C. Lynch,Returning Officer,Executive Council Office,2019,False
False,O'Neil Arseneau,Returning Officer,Executive Council Office,2019,True
False,Helen Jean Newman,Vice-Chair of the Board of Directors,"Tourism, Heritage and Culture",2019,False
False,Nancy M. Coulton,Returning Officer,Executive Council Office,2019,False
True,Helen Jean Newman,member,"Tourism, Heritage and Culture",2019,False
False,J. Denis Boudreau,Her Majesty's Counsel,Executive Council Office,2019,False
False,Helen Jean Newman,Vice-Chair of the Board of Directors,Social Development,2019,False
False,Gérald Richard,Deputy Minister of Health,Executive Council Office,2019,False
False,George Daley,Deputy Minister of Education and Early Childhood Development (Anglophone),Executive Council Office,2019,False
False,Cade Libby,Acting Deputy Minister of Aboriginal Affairs,Executive Council Office,2019,False
False,Cade Libby,Acting President,Executive Council Office,2019,False
True,Allison Walker,member of the Board of Directors,Social Development,2019,False
False,Allison Walker,Chair of the Board of Directors,Social Development,2019,False
True,lan G. Stead,member,"Tourism, Heritage and Culture",2019,False
True,Thierry Arseneau,member,"Tourism, Heritage and Culture",2019,False
False,Sylvie I. Michaud,Her Majesty's Counsel,Executive Council Office,2019,False
False,Sebastien A. Michaud,Her Majesty's Counsel,Executive Council Office,2019,False
False,Richard A. Williams,Her Majesty's Counsel,Executive Council Office,2019,False
False,Paul Van lderstine,member,Finance and Treasury Board,2019,False
False,Norma Kelly,member,Finance and Treasury Board,2019,False
False,Matthew M. Tweedie,Her Majesty's Counsel,Executive Council Office,2019,False
False,Marilyn Evans Born,member,Finance and Treasury Board,2019,False
False,Karl Clancey,member,"Tourism, Heritage and Culture",2019,False
True,Juan Estepa,member,"Tourism, Heritage and Culture",2019,False
False,Jessica Bernier,Chief Residential Tenancies Officer,Service New Brunswick,2019,False
False,Jessica Bernier,residential tenancies officer,Service New Brunswick,2019,False
False,Janice Allen-Scott,member,"Tourism, Heritage and Culture",2019,False
False,J. Danie Roy,Her Majesty's Counsel,Executive Council Office,2019,False
False,Sadie Perron,Director,Executive Council Office,2019,False
False,John L. Nugent,Her Majesty's Counsel,Executive Council Office,2019,False
False,Paul Bowman,Member,Health,2019,False
True,Edward Barrett,Director,Energy and Resource Development,2019,False
True,Charles Firlotte,Director,Energy and Resource Development,2019,False
False,Cameron Gunn,Provincial Court Judge,Justice and Attorney General,2019,False
False,Brian MacDonald,"Department of Agriculture, Aquaculture and Fisheries representative","Agriculture, Aquaculture and Fisheries",2019,False
True,Barbara Trenholm,Director,Energy and Resource Development,2019,False
True,Andrew MacGillivray,Vice-Chair,Energy and Resource Development,2019,False
True,Andrew MacGillivray,Director,Energy and Resource Development,2019,False
True,Alain Bossé,Director,Energy and Resource Development,2019,False
False,Yolande Marie Martin,Triage Coordinator,Justice and Attorney General,2019,False
True,Edward Barrett,Chair,Energy and Resource Development,2019,False
False,Todd Fulton,Deputy Sheriff,Public Safety,2019,False
True,Stephen Fitzpatrick,Coroner,Public Safety,2019,False
False,Sonia Levy,Deputy Sheriff,Public Safety,2019,False
False,Sephora Reid,Deputy Sheriff,Public Safety,2019,False
False,Sebastien Cyr,Deputy Sheriff,Public Safety,2019,False
True,Scott Myles,Coroner,Public Safety,2019,False
False,Santina Bosca,Deputy Sheriff,Public Safety,2019,False
False,Ryan Wallace,Deputy Sheriff,Public Safety,2019,False
False,Roberto Dallaire,Deputy Sheriff,Public Safety,2019,False
False,Riley Thompson,Deputy Sheriff,Public Safety,2019,False
False,Taylor Catherine O’Brien,Deputy Sheriff,Public Safety,2019,False
False,Héléne Bouchard,Acting President of the Regional Development Corporation,Executive Council Office,2019,False
False,Jean-Marc Dupuis,"Clerk of the Executive Council, Head of the Public Service and Chief Operating Officer",Executive Council Office,2019,False
True,Jennifer Henry,Director,Energy and Resource Development,2019,False
True,Rosemary Losier,Chairs,Health,2019,False
True,Rina Arsenault,member,Health,2019,False
False,Lucie Robichaud,alternate member,Health,2019,False
True,Luc Blacquiére,member,Health,2019,False
True,Kayla Carter,alternate chair,Health,2019,False
False,Jennifer Ingram,public representative on the Board of Directors,Health,2019,False
True,Gerry Légére,member,Finance,2019,False
True,George Cooper,Chairs,Health,2019,False
True,Gary Mclaughlin,Chairs,Health,2019,False
True,Donald Cullinan,Chairs,Health,2019,False
True,Cheryl Johnson,alternate chair,Health,2019,True
False,Thomas MacFarlane,Deputy Minister of Energy and Resource Development,Executive Council Office,2019,False
False,Sadie Perron,"Deputy Minister of Post-Secondary Education, Training and Labour",Executive Council Office,2019,False
True,Paul McCoy,Director,Energy and Resource Development,2019,False
True,Nancy Whipp,Director,Energy and Resource Development,2019,False
True,Mike Wilson,Director,Energy and Resource Development,2019,False
True,Michael Sellman,Director,Energy and Resource Development,2019,False
False,Luc J. Labonté,Provincial Court Judge,Justice and Attorney General,2019,False
False,Judy Wagner,Deputy Minister of the Aboriginal Affairs Secretariat,Executive Council Office,2019,False
False,Judy Wagner,Deputy Minister of Policy and Legislative Affairs,Executive Council Office,2019,False
True,Judith Athaide,Director,Energy and Resource Development,2019,False
False,Ricky Ketch,Deputy Sheriff,Public Safety,2019,False
True,Sergiy Ostashko,member (psychiatrist),Health,2019,True
False,Raymond Decock,Coroner,Public Safety,2019,False
False,Nelson Hébert,Coroner,Public Safety,2019,False
False,Amanda Wilson,Deputy Sheriff,Public Safety,2019,False
False,Adam Rosborough,Deputy Sheriff,Public Safety,2019,False
False,Abby L. Derrah,Deputy Sheriff,Public Safety,2019,False
True,William Dixon,employer member,Post-Secondary Education Training and Labour,2019,False
True,Richard MacMillan,appointment member,Post-Secondary Education Training and Labour,2019,False
True,Pamela Guitard,appointment member,Post-Secondary Education Training and Labour,2019,False
True,Marco Gagnon,employer member,Post-Secondary Education Training and Labour,2019,False
False,Marco F. Levesque,Occupational Health and Safety Officer,Post-Secondary Education Training and Labour,2019,False
True,Lynn Francis,member representing employers,Post-Secondary Education Training and Labour,2019,False
False,Ashley Demerchant,Deputy Sheriff,Public Safety,2019,False
True,Jacqueline Bergeron-Bridges,appointment member,Post-Secondary Education Training and Labour,2019,False
True,Gerald Cluney,employer member,Post-Secondary Education Training and Labour,2019,False
True,Geoffrey Bladon,Vice-Chair,Post-Secondary Education Training and Labour,2019,True
True,Gary Ritchie,appointment member,Post-Secondary Education Training and Labour,2019,False
True,Debbie Gray,appointment member,Post-Secondary Education Training and Labour,2019,False
False,Brenda Knight,trustee,Environment and Local Government,2019,False
True,Annie Daneault,Vice-Chair,Post-Secondary Education Training and Labour,2019,True
False,Cheryl Hansen,Deputy Minister of Finance,Executive Council Office,2019,False
False,Paul Jordan,Provincial Planning Director,Environment and Local Government,2019,False
False,Ricky Nicholson,coroners,Public Safety,2019,False
False,Gilles Cété,Deputy Sheriff,Public Safety,2019,False
False,Brian Leger,Deputy Sheriff,Public Safety,2019,False
False,Cody Boudreau,Deputy Sheriff,Public Safety,2019,False
True,Crystal D. Lahey,Coroner,Public Safety,2019,False
False,Nancy Poirier,Coroner,Public Safety,2019,False
True,Michael H. Johnston,Coroner,Public Safety,2019,False
False,Mathew Christie,Deputy Sheriff,Public Safety,2019,False
False,Martin Savoie,Deputy Sheriff,Public Safety,2019,False
False,Marc-André Clavette,Deputy Sheriff,Public Safety,2019,False
False,Marc Arseneault,Deputy Sheriff,Public Safety,2019,False
False,Lucien Perron,Coroner,Public Safety,2019,False
True,Luc Beaudoin,Coroner,Public Safety,2019,False
False,Kurt Wall,Deputy Sheriff,Public Safety,2019,False
False,Kristen Main,Deputy Sheriff,Public Safety,2019,False
False,Kimberley Magee,Triage Coordinator,Justice and Attorney General,2019,False
False,Karl Jensen,Coroner,Public Safety,2019,False
False,Josée Goguen,Deputy Sheriff,Public Safety,2019,False
False,Joseph Savoie,Deputy Sheriff,Public Safety,2019,False
False,John Pelletier,Deputy Sheriff,Public Safety,2019,False
False,Heather Ashley Atherton,Deputy Sheriff,Public Safety,2019,False
False,Eric McElroy,Deputy Sheriff,Public Safety,2019,False
False,Dylan Vickery,Deputy Sheriff,Public Safety,2019,False
False,Diane Gauvin,Triage Coordinator,Justice and Attorney General,2019,False
True,David Farrow,Coroner,Public Safety,2019,False
False,David Blair Crossman,Deputy Sheriff,Public Safety,2019,False
False,Pierre Arseneault,Deputy Sheriff,Public Safety,2019,False
True,Shelley Dumouchel,alternate chair,Health,2019,True
False,George Thibodeau,Coroner,Public Safety,2019,False
False,Alain Basque,"Acting Deputy Minister of Tourism, Heritage and Culture",Executive Council Office,2019,False
False,Katherine Toner,member,"Agriculture, Aquaculture and Fisheries",2019,False
False,Stephanie Luce,member of the Board of Governors,Post-Secondary Education Training and Labour,2019,False
False,Pierre Brine,alternate member,Environment and Local Government,2019,False
False,Patricia Thomas-Arsenault,member,Post-Secondary Education Training and Labour,2019,False
False,Micheline Hachey,member,Environment and Local Government,2019,False
True,Michel Vautour,member,Environment and Local Government,2019,True
False,Melanie Paulin Gagnon,member of the Board of Governors,Post-Secondary Education Training and Labour,2019,False
False,Melanie Paulin Gagnon,member of the Board of Governors,Post-Secondary Education Training and Labour,2019,True
False,Marc-Andre LeBlanc,member of the Board of Governors,Post-Secondary Education Training and Labour,2019,False
False,Luc St-Jarre,member of the Board of Governors,Post-Secondary Education Training and Labour,2019,False
False,Liza Anne Robichaud,adjudicator,Public Safety,2019,False
True,Kimberley Douglass,member,Post-Secondary Education Training and Labour,2019,True
False,Joanne Plourde,alternate member,Environment and Local Government,2019,False
False,Gilda rd Chiasson,member,Environment and Local Government,2019,False
True,Gerard Robichaud,member,Environment and Local Government,2019,True
False,Francois Boutot,member of the Board of Governors,Post-Secondary Education Training and Labour,2019,False
True,Dorothy Theriault,member,Post-Secondary Education Training and Labour,2019,True
True,David F. Hildebrand,member,Environment and Local Government,2019,True
False,Cleveland Allaby,member,Environment and Local Government,2019,False
False,Charles Ferris,member,Post-Secondary Education Training and Labour,2019,False
True,Carole Beaulieu,member,Environment and Local Government,2019,False
False,Aynslie Croney,"member of the Board of Governors, peer-selected academic staff member",Post-Secondary Education Training and Labour,2019,False
True,Brigitte Ouellette,Vice-Chair,Environment and Local Government,2019,False
False,Jack M. Blackier,"member of the Board of Governors, person nominated by the Board",Post-Secondary Education Training and Labour,2019,False
False,Kurtis Sisk,"member of the Board of Governors, person nominated by the Minister",Post-Secondary Education Training and Labour,2019,False
False,Nicole Angers,Provincial Court Judge,Justice and Attorney General,2019,False
True,Thérése Roy,alternate member,Health,2019,False
True,Michel Poirier,Mining Commissioner,Energy and Resource Development,2019,False
True,Marie Ange Losier,"Member, representing appointments",Post-Secondary Education Training and Labour,2019,False
False,Liza Robichaud,Vice-Chairperson,Post-Secondary Education Training and Labour,2019,False
False,Kim Embleton,Member,Executive Council Office,2019,False
False,John Gillis,alternate chair,Health,2019,False
False,John Gillis,Vice-Chairperson,Post-Secondary Education Training and Labour,2019,False
False,Helene Bouchard,Director,Executive Council Office,2019,False
True,Gloria Clark,"Member, representing employers",Post-Secondary Education Training and Labour,2019,False
True,George Filliter,Chair,Post-Secondary Education Training and Labour,2019,False
False,Gaetan Germain,coroners,Public Safety,2019,False
True,Erica Frecker,Member,Health,2019,False
False,Cheryl Hansen,Director,Executive Council Office,2019,False
False,Chantal Landry,coroners,Public Safety,2019,False
False,Aubrey Macleod,coroners,Public Safety,2019,False
False,Alison Jane Martin,coroners,Public Safety,2019,False
True,Michel Carrier,acting Commissioner of Official Languages,Executive Council Office,2019,False
False,Michael A. Lewis,Fire Marshal,Public Safety,2019,False
False,Mark Crowley,"member of the Board of Governors, person nominated by the Minister",Post-Secondary Education Training and Labour,2019,False
True,Lindsay Bowman,"member of the Board of Governors, person nominated by the Board",Post-Secondary Education Training and Labour,2019,False
False,Justin Stoodley,"member of the Board of Governors, peer-selected non-academic staff member",Post-Secondary Education Training and Labour,2019,False
False,Bernard T. LeBlanc,adjudicator,Public Safety,2019,False
True,Nadine Leger,Chair of the Board,Environment and Local Government,2019,False
True,Stefan Decourcey,member,Finance; Treasury Board,2019,False
True,Christine Evans,member,Office of the Premier,2019,True
True,Annie Chiasson Doiron,member,Office of the Premier,2019,True
False,Angele Collette,member,Office of the Premier,2019,False
False,John Correia,member of the Board of Directors,Finance; Treasury Board,2019,False
False,Trevor Holder,"Minister of Post-Secondary Education, Training and Labour",Executive Council Office,2019,False
False,Ross Wetmore,"Minister of Agriculture, Aquaculture and Fisheries",Executive Council Office,2019,False
False,Mel Norton,Part-time Chairperson of the WorkSafeNB Board of Directors,Post-Secondary Education Training and Labour,2019,False
False,Mary E. Wilson,Minister of Economic Development and Small Business,Executive Council Office,2019,False
False,Jake Stewart,Minister of Aboriginal Affairs,Executive Council Office,2019,False
False,Greg Thompson,Minister of Intergovernmental Affairs,Executive Council Office,2019,False
False,Dorothy Shephard,Minister of Social Development,Executive Council Office,2019,False
True,Anne Bertrand,board of directors,Energy and Resource Development,2019,False
False,Andrea Anderson-Mason,"Minister of Justice, Attorney General",Executive Council Office,2019,False
True,Catherine Blaney,member of the Board of Directors,Education and Early Childhood Development,2019,True
False,Susan Harley,member,Health,2019,False
False,Roger Léger,member and chairperson,Health,2019,False
True,Mike Doiron,member,Health,2019,True
False,Harry Doyle,member,Health,2019,False
False,Bernard T. LeBlanc,adjudicator,Public Safety,2019,True
True,Eva Sock,member,Health,2019,True
True,Michael O’Blenis,Member,Energy and Resource Development,2019,False
True,Elizabeth Turgeon,member,Finance; Treasury Board,2019,False
False,Ferne Ashford,member,Finance; Treasury Board,2019,False
False,Carl Urquhart,"Minister of Public Safety, Solicitor General",Executive Council Office,2019,False
True,Gisia Pisegna,public representative,Health,2019,False
False,Donald Moore,member of the Board of Directors,Service New Brunswick,2019,False
False,John Gillis,lay representative to the Executive Council,Health,2019,False
False,Georges Leger,member,Finance; Treasury Board,2019,False
False,Maya Hamou,Emergency Adjudicative Officer,,2019,False
False,Maya Hamou,Adjudicator,,2019,False
False,Maya Hamou,Case Management Master,,2019,False
False,Sam Harrison,member,Office of the Premier,2019,False
False,Nicole Vienneau,lay representative to the Discipline Committee,Health,2019,False
False,Nick Taggart,member,Office of the Premier,2019,False
True,Michele Ouellette,member,Office of the Premier,2019,False
True,Michael George,member,Office of the Premier,2019,True
False,Patrick Losier,member,Office of the Premier,2019,False
True,Martin Fineberg,public representative,Health,2019,False
True,Marc LeBlanc,member,Office of the Premier,2019,True
True,Lisanne Gautreau,public representative,Health,2019,False
True,Linda Ferrier,member,Office of the Premier,2019,True
False,Louise Duguay Lepage,Vice-Chair of the Board of Directors,Service New Brunswick,2019,False
True,Heather Stephen,member,Finance; Treasury Board,2019,False
False,Kailah Winter-Smith,member,Office of the Premier,2019,False
False,Marven Grant,Vice-Chairperson,Finance; Treasury Board,2019,False
False,Kirk MacDonald,member,Finance; Treasury Board,2019,False
False,Jill Green,Minister of Transportation and Infrastructure,Executive Council Office,2020,False
False,Hugh John (Ted) Flemming,member of the Executive Council,Executive Council Office,2020,False
False,Glen Savoie,member of the Executive Council,Executive Council Office,2020,False
False,Gary Crossman,member of the Executive Council,Executive Council Office,2020,False
False,Ernie Steeves,member of the Executive Council,Executive Council Office,2020,False
False,Dorothy Shephard,member of the Executive Council,Executive Council Office,2020,False
False,Dorothy Shephard,Minister of Health,Executive Council Office,2020,False
False,Dominic Cardy,member of the Executive Council,Executive Council Office,2020,False
False,Bruce Fitch,member of the Executive Council,Executive Council Office,2020,False
False,Daniel Allain,member of the Executive Council,Executive Council Office,2020,False
False,Jill Green,member of the Executive Council,Executive Council Office,2020,False
False,Dominic Cardy,Minister of Education and Early Childhood Development,Executive Council Office,2020,True
False,Ernie Steeves,Minister of Finance and Treasury Board,Executive Council Office,2020,False
False,Margaret Johnson,"Minister of Agriculture, Aquaculture and Fisheries",Executive Council Office,2020,False
False,Mike Comeau,Deputy Minister of Justice and Public Safety and Deputy Attorney General,Executive Council Office,2020,False
False,Mary Wilson,Minister of Service New Brunswick,Executive Council Office,2020,False
False,Ernie Steeves,Chair,Executive Council Office,2020,True
False,Andrea M. Foister,Her Majesty's Counsel,Justice and Public Safety,2020,False
False,Dominic Cardy,Vice-Chair,Executive Council Office,2020,True
False,Bruce Fitch,Minister of Social Development,Executive Council Office,2020,False
False,Mike Holland,Minister of Natural Resources and Energy Development,Executive Council Office,2020,False
False,Mike Holland,member of the Executive Council,Executive Council Office,2020,False
False,Margaret Johnson,member of the Executive Council,Executive Council Office,2020,False
False,Sadie Perron,Deputy Minister of Aboriginal Affairs,Executive Council Office,2020,False
False,Cade Libby,Deputy Minister of Environment and Climate Change,Executive Council Office,2020,False
False,Trevor Holder,member of the Executive Council,Executive Council Office,2020,False
False,Trevor Holder,"Minister of Post-Secondary Education, Training and Labour",Executive Council Office,2020,True
False,Tammy Scott-Wallace,member of the Executive Council,Executive Council Office,2020,False
False,Tammy Scott-Wallace,"Minister of Tourism, Heritage and Culture",Executive Council Office,2020,False
False,Mary Wilson,member of the Executive Council,Executive Council Office,2020,False
False,Ryan Donaghy,Acting Deputy Minister of Local Government and Local Governance Reform,Executive Council Office,2020,False
False,Blaine Higgs,member of the Executive Council,Executive Council Office,2020,False
False,William Hawco,returning officer,Executive Council Office,2020,False
False,Arlene Dunn,Minister of Aboriginal Affairs,Executive Council Office,2020,False
False,Richard (Dick) Isabelle,Supervisor,Environment and Local Government,2020,False
True,Ray Doiron,member,"Tourism, Heritage and Culture",2020,False
False,Catherine Fawcett,Her Majesty's Counsel,Justice and Public Safety,2020,False
False,Rick Hancox,member of the Board of Governors,Post-Secondary Education Training and Labour,2020,False
True,Robert Eckstein,member,Public Safety,2020,False
True,Tony Whalen,member and Chair,"Tourism, Heritage and Culture",2020,False
False,Bernard L. LeBlanc,Vice-Chairperson,Post-Secondary Education Training and Labour,2020,False
False,Erika R. Hachey,Vice-Chairperson,Post-Secondary Education Training and Labour,2020,False
False,Gary Barbour,returning officer,Executive Council Office,2020,False
False,Harvey Aucoin,returning officer,Executive Council Office,2020,False
False,Mario J. Lanteigne,Vice-Chairperson,Post-Secondary Education Training and Labour,2020,False
True,Trisha Perry,Vice-Chairperson,Post-Secondary Education Training and Labour,2020,True
False,Andrea Wilbur,Residential Tenancies Officer,Service New Brunswick,2020,False
True,Angela Breau Caissie,Alternate Member,Environment and Local Government,2020,False
False,Christine Couturier,Alternate Member,Environment and Local Government,2020,False
False,Christine Sonier,coroner,Public Safety,2020,False
False,Denis Mallet,member,Post-Secondary Education Training and Labour,2020,False
False,Arlene Dunn,member of the Executive Council,Executive Council Office,2020,False
True,Yvon Albert,Alternate Member,Environment and Local Government,2020,False
False,Steven Frits,Member,Environment and Local Government,2020,False
False,Serge Landry,coroner,Public Safety,2020,False
False,Mireille Vautour,member,Post-Secondary Education Training and Labour,2020,False
True,Michael Blanchard,Member,Environment and Local Government,2020,False
False,Blaine Higgs,Premier and President of the Executive Council,Executive Council Office,2020,True
False,Marilyne Paradis,coroner,Public Safety,2020,False
False,Manon Bertin Couillard,Residential Tenancies Officer,Service New Brunswick,2020,False
False,Jessica Paradis,member,Justice and Attorney General,2020,False
True,Jennifer Stead,member,"Tourism, Heritage and Culture",2020,True
True,Giselle Price,Member,Environment and Local Government,2020,True
False,Gerald Levesque,member,Justice and Attorney General,2020,False
False,Etiennette Bosse,member,Post-Secondary Education Training and Labour,2020,False
False,Maria Conroy,member,Justice and Attorney General,2020,False
False,Claude Voyer,Her Majesty's Counsel,Justice and Public Safety,2020,False
False,Bert Cyr,Vice-Chair,Education and Early Childhood Development,2020,False
False,Hugh J. Cameron,Her Majesty's Counsel,Justice and Public Safety,2020,False
False,Cade Libby,Deputy Minister,Executive Council Office,2020,False
False,Francis Rioux,Member of the Municipal Capital Borrowing Board,Executive Council Office,2020,False
False,Jordan Lavoie,member representing employers,Post-Secondary Education Training and Labour,2020,False
False,Ryan Donaghy,Chairman of the Municipal Capital Borrowing Board,Executive Council Office,2020,False
False,Ryan Donaghy,Commissioner of Municipal Affairs,Executive Council Office,2020,False
False,Tom Macfarlane,Director of the Regional Development Corporation,Executive Council Office,2020,False
False,Yennah Hurley,Director of the Regional Development Corporation,Executive Council Office,2020,False
False,Andree Poitras,Vice-Chair,Education and Early Childhood Development,2020,False
False,Bert Cyr,Vice-Chair,Education and Early Childhood Development,2020,True
True,Charles Murray,Acting Ombud,Executive Council Office,2020,False
False,Cheryl Richardson,Member,Education and Early Childhood Development,2020,False
False,Denis-Andre Ward,Member,Education and Early Childhood Development,2020,False
False,Ellen Culbert,Member,Education and Early Childhood Development,2020,False
True,Johanne Theriault,Chair,Education and Early Childhood Development,2020,False
False,Laurie Laforge,Member,Education and Early Childhood Development,2020,False
True,Michel Cote,Member,Education and Early Childhood Development,2020,False
True,Michel Cote,Member,Education and Early Childhood Development,2020,True
False,Yennah Hurley,"Deputy Minister of Tourism, Heritage and Culture",Executive Council Office,2020,False
False,Michael Walsh,Board of Governors,Post-Secondary Education Training and Labour,2020,False
False,Tammy Lynn MacNeill,Student Member of the Board of Governors,Post-Secondary Education Training and Labour,2020,False
True,Michele Ouellette,member,Office of the Premier,2020,True
False,L. Graeme MacKinnon,alternate member,Environment and Local Government,2020,False
True,Johanne Theriault,Vice-Chairperson,Post-Secondary Education Training and Labour,2020,True
True,Tina Edmond,member,Health,2020,False
True,J.Nathalie Thibault,Vice-Chairperson,Post-Secondary Education Training and Labour,2020,False
False,Gary Crossman,Minister of Environment and Climate Change,Executive Council Office,2020,False
False,Eric Falkjar,member,Environment and Local Government,2020,False
False,Daniel Allain,Minister of Local Government and Local Governance Reform,Executive Council Office,2020,False
False,Angela Breau Caissie,member,Environment and Local Government,2020,False
False,Thomas Geburt,Member,Education and Early Childhood Development,2020,False
True,Steeve Savoie,Member,Education and Early Childhood Development,2020,False
False,Hugh John Flemming,"Minister of Justice and Public Safety, Attorney General",Executive Council Office,2020,False
False,Thomas Vihvelin,member,Justice and Public Safety,2020,False
False,Shannon Laity,member,Health,2020,False
True,Paul Bowman,member,Health,2020,False
False,Charles (Chuck) Firlotte,Chair of the Board of Directors,Natural Resources and Energy Development,2020,False
True,Barbara Trenholm,director,Natural Resources and Energy Development,2020,False
False,Andrew McLaughlin,member of the Board of Directors,Executive Council Office,2020,False
False,Andree Savoie,member of the Board of Directors,Executive Council Office,2020,False
False,Andrea Feunekes,member of the Board of Directors,Executive Council Office,2020,False
True,Alain Bosse,director,Natural Resources and Energy Development,2020,False
False,Daniella Degrace,member of the Board of Directors,Executive Council Office,2020,False
False,Andrea Leger,municipal returning officer,Elections New Brunswick,2020,False
False,Steven R. Barnett,Her Majesty's Counsel,Justice and Public Safety,2020,False
False,Shawn R. Dempsey,Her Majesty's Counsel,Justice and Public Safety,2020,False
False,Monique Veillette,Her Majesty's Counsel,Justice and Public Safety,2020,False
False,Marta A. Shannon,Her Majesty's Counsel,Justice and Public Safety,2020,False
False,Mark Robere,Her Majesty's Counsel,Justice and Public Safety,2020,False
False,Marc R. Guignard,Her Majesty's Counsel,Justice and Public Safety,2020,False
False,Thomas Mann,Trustee,Social Development,2020,False
False,Danys Delaquis,Her Majesty's Counsel,Justice and Public Safety,2020,False
False,Gilles Cormier,member of the Board of Directors,Executive Council Office,2020,False
False,Judge Alain Begin,judge,Justice and Public Safety,2020,False
False,Neil Vibert,member,Justice and Public Safety,2020,False
False,Lee V. Mitchell,member,Justice and Public Safety,2020,False
False,Kent Fox,member,Justice and Public Safety,2020,False
False,Kailey O'Neil,member,Justice and Public Safety,2020,False
False,Jennifer (Jem) Deguire,registered midwife,Health,2020,False
True,Heather Bursey,member,Health,2020,True
False,Janet MacDonnell,lay representative,Health,2020,False
False,Charlie Ross,member,Justice and Public Safety,2020,False
False,Anne Bard-Lavigne,member,Justice and Public Safety,2020,False
False,Judge Alain Begin,Judge,Justice and Public Safety,2020,False
False,Scott Northard,director,Natural Resources and Energy Development,2020,False
True,Paul McCoy,director,Natural Resources and Energy Development,2020,False
False,Mark Reddemann,director,Natural Resources and Energy Development,2020,False
True,Judith Athaide,director,Natural Resources and Energy Development,2020,False
False,Brooke Gibson,member,Justice and Public Safety,2020,False
False,Marc Roy,member,Public Safety,2020,False
True,Robert W. Hewitson,coroner,Public Safety,2020,True
False,Jennie Williams,ticket reviewer,Justice and Attorney General,2020,False
False,Patricia Brown-MacKenzie,Acting Secretary to Cabinet and Acting Deputy Minister of Policy and Legislative Affairs,Executive Council Office,2020,False
False,Rick Nicholson,Returning Officer,Executive Council Office,2020,False
True,Scott Toner,member representing employers,Post-Secondary Education Training and Labour,2020,True
True,Shirley Mitchell,member representing employers,Post-Secondary Education Training and Labour,2020,True
False,Gary W. Vincent,commissioner,Finance and Treasury Board,2020,False
False,Bruce Fitch,"Minister of Tourism, Heritage and Culture",Executive Council Office,2020,False
False,Bruce Fitch,member of Treasury Board,Executive Council Office,2020,False
False,Bruce Fitch,member of the Executive Council,Executive Council Office,2020,True
False,Glen Savoie,member of the Executive Council,Executive Council Office,2020,True
False,Andrea Leger,Returning Officer,Executive Council Office,2020,False
False,Benoit Cyr,Returning Officer,Executive Council Office,2020,False
False,Blake Kennedy,Returning Officer,Executive Council Office,2020,True
False,Jeanne-Mance Cormier,member of the Board of Governors,Post-Secondary Education Training and Labour,2020,False
False,Brenda L. Murphy,Lieutenant-Governor,Executive Council Office,2020,False
False,Brenda L. Murphy,Lieutenant-Governor,Executive Council Office,2020,True
False,Keith Cronkhite,President and Chief Executive Officer,Natural Resources and Energy Development,2020,False
True,Cathy Graham,director,Finance and Treasury Board,2020,False
True,Chantal Theriault,member,Executive Council Office,2020,False
False,Sylvie Godin-Charest,alternate Chair,Health,2020,False
False,Margo Rioux,psychiatrist,Health,2020,False
False,Johanne Theriault,alternate Chair,Health,2020,False
False,Genevieve Jean,alternate Chair,Health,2020,False
False,Daniel Leger,Chair,Health,2020,False
True,Meagan Wood,member representing appointments,Post-Secondary Education Training and Labour,2020,True
False,Christine Couturier,member,Health,2020,False
False,Daniel Mills,Deputy Minister,Executive Council Office,2020,False
False,Stephanie Nicholson,Occupational Health and Safety Officer,Post-Secondary Education Training and Labour,2020,False
False,Katrina Staples,Occupational Health and Safety Officer,Post-Secondary Education Training and Labour,2020,False
False,Johannes Doerner,Occupational Health and Safety Officer,Post-Secondary Education Training and Labour,2020,False
False,Dave Duguay,Occupational Health and Safety Officer,Post-Secondary Education Training and Labour,2020,False
False,Christien Goguen,Occupational Health and Safety Officer,Post-Secondary Education Training and Labour,2020,False
False,Bert Cyr,alternate Chair,Health,2020,False
False,Derek G. Pannell,Chair,Executive Council Office,2020,False
False,Mark Thibodeau,member representing employers,Post-Secondary Education Training and Labour,2020,False
True,Lura Fowler,member representing appointments,Post-Secondary Education Training and Labour,2020,True
False,Annie Guitard,Commission Member,Post-Secondary Education Training and Labour,2020,False
False,Kathryn Edwards,member of the Board of Governors,Post-Secondary Education Training and Labour,2020,False
False,Debra Locke,ticket reviewer,Justice and Attorney General; Public Safety,2020,False
False,Ernie Steeves,Minister of Finance and Treasury Board,Executive Council Office,2020,True
False,Jacquie St-Pierre,ticket reviewer,Justice and Attorney General; Public Safety,2020,False
False,Lisa Goodwin,ticket reviewer,Justice and Attorney General; Public Safety,2020,False
False,Maria Boone,ticket reviewer,Justice and Attorney General; Public Safety,2020,False
False,Michael Holland,Minister of Natural Resources and Energy Development,Executive Council Office,2020,False
False,Nathalie MacDonald,ticket reviewer,Justice and Attorney General; Public Safety,2020,False
False,Shelley Dumouchel,Commission Member,Post-Secondary Education Training and Labour,2020,False
False,Stephanie Brousse,ticket reviewer,Justice and Attorney General; Public Safety,2020,False
False,Yennah Hurley,Acting Deputy Minister,Executive Council Office,2020,False
True,Amy Pidt,member,"Tourism, Heritage and Culture",2020,True
False,Cedric Laverdure,member of the Board of Directors,Finance and Treasury Board,2020,False
True,Danie Roy,alternate chair,Health,2020,True
True,Jerome Doucet,psychiatrist member,Health,2020,False
True,Joanne Berube Gagne,member of the Board of Directors,Finance and Treasury Board,2020,False
True,Debra Romero,chair,Post-Secondary Education Training and Labour,2020,False
False,Dan Mills,"Acting Deputy Minister of Post-Secondary Education, Training and Labour",Executive Council Office,2020,False
False,Chris Savoie,member representing appointments,Post-Secondary Education Training and Labour,2020,False
False,Cheryl Hansen,"Clerk of the Executive Council Office, Chief Operating Officer, and Head of the Public Service",Executive Council Office,2020,False
False,Charles MacNeil,member and designated as Chair,Natural Resources and Energy Development,2020,False
False,Scott Miller,member of the Board of Directors,Justice and Attorney General,2020,False
False,Mario Leblanc,member representing appointments,Post-Secondary Education Training and Labour,2020,False
False,Sadie Perron,Deputy Minister of Economic Development and Small Business,Executive Council Office,2020,False
False,Marilyn Luscombe,member of the Board of Directors,Justice and Attorney General,2020,False
True,Marc Roy,Chair,Health,2020,False
False,L. Paul Elliot,member of the Board of Directors,Finance and Treasury Board,2020,False
False,Kevin Berry,member of the Board of Directors,Finance and Treasury Board,2020,False
False,Kathryn Craig,member of the Board of Directors,Finance and Treasury Board,2020,False
True,John Correia,chair of the Board of Directors,Finance and Treasury Board,2020,False
False,Rene Boudreau,member,Finance and Treasury Board,2020,False
True,James Baumgartner,member,Executive Council Office,2020,False
False,Cade Libby,member of the Board of Directors,Regional Development Corporation,2020,False
False,Mario Caissie,Vice-Chair,Executive Council Office,2020,False
True,Pierrette Hache,coroner,Public Safety,2020,False
True,Robert S. Hart,coroner,Public Safety,2020,True
True,Robert W. Moore,coroner,Public Safety,2020,True
False,Sadie Perron,Member,Executive Council Office,2020,False
False,Tom MacFarlane,Chairman of the Municipal Capital Borrowing Board,Executive Council Office,2020,False
False,Tom MacFarlane,Commissioner of Municipal Affairs,Executive Council Office,2020,False
False,Traci Simmonds,Member,Executive Council Office,2020,False
True,Tracy Beal,coroner,Public Safety,2020,False
False,Bruce Wood,member of the Board of Directors,Finance and Treasury Board,2020,False
False,Christopher MacDonald,Member,Post-Secondary Education Training and Labour,2020,False
False,Claire Roussel-Sullivan,member and Chair,Post-Secondary Education Training and Labour,2020,False
True,Denis Nadeau,member,Post-Secondary Education Training and Labour,2020,False
False,Hermel Vienneau,member,Post-Secondary Education Training and Labour,2020,False
False,Janet Knox,Member,Post-Secondary Education Training and Labour,2020,False
False,Julia Maclauchlan,Member,Post-Secondary Education Training and Labour,2020,False
False,Kevin Hoyt,Member,Post-Secondary Education Training and Labour,2020,False
False,Rejean Boudreau,member,Post-Secondary Education Training and Labour,2020,False
True,Lily Durepos,member,Executive Council Office,2020,False
False,Christy Bishop,public representative to the Board of Directors,Health,2020,False
False,Catherine Lawrence,member of the Board of Governors,Post-Secondary Education Training and Labour,2020,False
False,Amanda Mitchell,Clerk and Treasurer,Environment and Local Government,2020,False
False,Rachel Arseneau-Ferguson,member,Finance and Treasury Board,2020,False
False,Gregory Cook,Board of Directors,Environment and Local Government,2020,False
True,Paul F. McCarthy,coroner,Public Safety,2020,True
False,Gilles Blinn,Discipline Committee,Environment and Local Government,2020,False
False,Cully Robinson,Board of Directors,Education and Early Childhood Development,2020,False
False,Brigitte Ouellette,member,Finance and Treasury Board,2020,False
False,Wayne Carson,Member,Post-Secondary Education Training and Labour,2020,False
False,Violette Desjardins,non-academic staff person,Post-Secondary Education Training and Labour,2020,False
True,Steve Lambert,member,Post-Secondary Education Training and Labour,2020,True
False,Sonia Chiasson,student,Post-Secondary Education Training and Labour,2020,False
False,Cyril Johnston,member,Finance and Treasury Board,2020,False
True,Melanie McGrath,member of the Financial and Consumer Services Tribunal,Finance and Treasury Board,2020,False
True,Elizabeth Watters-Gray,member of the Board of Governors,Post-Secondary Education Training and Labour,2020,False
True,John Evans,coroner,Public Safety,2020,True
True,Mario Caissie,member,Executive Council Office,2020,False
True,Michael J. Campbell,member,Executive Council Office,2020,False
False,Kelli Simmonds,Chairperson,Executive Council Office,2020,False
True,Rebecca Moffatt,President of The Board,"Tourism, Heritage and Culture",2020,False
False,Chris Maxwell,members of the Family Income Security Appeal Board,Social Development,2020,False
True,James Proudfoot,members of the Family Income Security Appeal Board,Social Development,2020,False
True,Jami Moore,members of the Family Income Security Appeal Board,Social Development,2020,False
False,Jason Godin,"Vice-Chair, members of the Family Income Security Appeal Board",Social Development,2020,False
True,Jonathan Fulljames,coroner,Public Safety,2020,True
False,Melanie Burns,members of the Family Income Security Appeal Board,Social Development,2020,False
True,Roger Senechal,members of the Family Income Security Appeal Board,Social Development,2020,False
False,Sharon Tucker,members of the Family Income Security Appeal Board,Social Development,2020,False
False,Sherry MacEachern,members of the Family Income Security Appeal Board,Social Development,2020,False
True,Terry Ogilvie,members of the Family Income Security Appeal Board,Social Development,2020,False
True,Wilma Gilchrist,members of the Family Income Security Appeal Board,Social Development,2020,False
False,Mark Fisher,members of the Family Income Security Appeal Board,Social Development,2020,False
False,Tom MacFarlane,Deputy Minister of Environment and Local Government,Executive Council Office,2020,False
True,Zara Morrison,members of the Family Income Security Appeal Board,Social Development,2020,False
True,Douglas Wayne Getty,coroner,Public Safety,2020,True
False,Doug Baker,member of the Financial and Consumer Services Tribunal,Finance and Treasury Board,2020,False
True,Annie Daneault,member of the Board of Directors,Justice and Attorney General,2020,False
False,Roger Pelletier,member,Public Safety,2020,False
True,Michael Davidson,"Chair, member of the Board of Examiners for Compressed Gas",Public Safety,2020,False
False,Krista Parker,member,Public Safety,2020,False
True,Emily Caissy,coroner,Public Safety,2020,False
True,George Lacey,member,Public Safety,2020,True
True,Eben Creaser,member and Chair,Public Safety,2020,False
True,David Evans,members of the Board of Examiners for Compressed Gas,Public Safety,2020,False
True,Chris Snow,members of the Board of Examiners for Compressed Gas,Public Safety,2020,False
True,Chad Maclean,members of the Board of Examiners for Compressed Gas,Public Safety,2020,False
True,Anthony Wilkins,members of the Board of Examiners for Compressed Gas,Public Safety,2020,False
True,Kirby O'Donnell,member,Public Safety,2020,True
False,Marie Claire Ngweth,Residential Tenancies Officer,Service New Brunswick,2021,False
False,Yves Gagnon,Supervisor,Environment and Local Government,2021,False
False,Peter Smith,"Member, Board of Directors",Education and Early Childhood Development,2021,False
False,Lucie Boucher,Lay Representative,Health,2021,False
False,Annie Gagné,Clerk and Treasurer,Environment and Local Government,2021,False
True,Haley Flaro,Vice-Chairperson,Post-Secondary Education Training and Labour,2021,False
False,Michael Marin,Vice-Chair,Post-Secondary Education Training and Labour,2021,False
True,Nadine Léger,Chair of the Pension Board,Environment and Local Government,2021,False
False,Kelly Lamrock,Vice-Chair,Post-Secondary Education Training and Labour,2021,False
True,John P. McEvoy,Vice-Chair,Post-Secondary Education Training and Labour,2021,False
True,Doug Gaudett,member of the Board of Directors,Service New Brunswick,2021,True
False,Tammy Augustine,"Member, Part-time",Justice and Public Safety,2021,False
False,Marco Cloutier,Chief Judge,Justice and Public Safety,2021,False
False,Robert Taylor,Deputy Minister of Transportation and Infrastructure,Executive Council Office,2021,False
False,Ferne M. Ashford,Her Majesty’s Counsel,Executive Council Office,2021,False
False,Sébastien Michaud,Provincial Court Judge,Justice and Public Safety,2021,False
True,Leonard Lee-White,member of the Board of Directors,Transportation and Infrastructure,2021,False
False,Travis Bergin,member of the Board of Directors,Transportation and Infrastructure,2021,False
False,Christiana Myers,member,"Tourism, Heritage and Culture",2021,False
True,Kathryn Craig,member of the Board of Directors,Finance and Treasury Board,2021,True
True,Kevin Berry,member of the Board of Directors,Finance and Treasury Board,2021,True
False,Annie Gagné,Clerk and Treasurer,Environment and Local Government,2021,True
False,Brenda McMullen Brown,Her Majesty’s Counsel,Executive Council Office,2021,False
False,Carley Jean Parish,Her Majesty’s Counsel,Executive Council Office,2021,False
False,Carole Sirois-Paquette,Her Majesty’s Counsel,Executive Council Office,2021,False
False,Corry Anne Toole,Her Majesty’s Counsel,Executive Council Office,2021,False
False,Daniel J. Surette,Her Majesty’s Counsel,Executive Council Office,2021,False
False,Daniel Léger,member,Finance and Treasury Board,2021,False
False,David A. Bartlett,Her Majesty’s Counsel,Executive Council Office,2021,False
False,Dan MacLean,Registrar of Gaming Control,Justice and Public Safety,2021,False
False,Sandy Ward,"Member, Part-time",Justice and Public Safety,2021,False
True,Mark Flint,member of the Board of Governors,Post-Secondary Education Training and Labour,2021,False
False,Rhonda Connors-Losier,member of the Board of Governors,Post-Secondary Education Training and Labour,2021,False
False,Joshua Joseph Bedard McElman,Her Majesty’s Counsel,Executive Council Office,2021,False
False,Norman Bossé,"Acting Child, Youth and Senior Advocate",Executive Council Office,2021,False
False,Alan E Craig,member,Justice and Public Safety,2021,False
False,Bernard LeBlanc,Vice-Chair,Post-Secondary Education Training and Labour,2021,False
True,Brian Bruce,Vice-Chair,Post-Secondary Education Training and Labour,2021,False
False,David Mombourquette,Chair,Post-Secondary Education Training and Labour,2021,False
False,Deirdre L. Wade,Chairperson,Justice and Public Safety,2021,False
False,Denis Rioux,Occupational Health and Safety Officer,Post-Secondary Education Training and Labour,2021,False
False,Gino Thomas,Occupational Health and Safety Officer,Post-Secondary Education Training and Labour,2021,False
False,Jennifer Kenny,Occupational Health and Safety Officer,Post-Secondary Education Training and Labour,2021,False
False,Sophie Caissie Cormier,Expropriations Advisory Officer,Justice and Public Safety,2021,False
False,Todd Hickey,Occupational Health and Safety Officer,Post-Secondary Education Training and Labour,2021,False
False,Jason Arseneault,member,Intergovernmental Affairs,2021,False
True,Jill Stairs,member of the Board of Governors,Post-Secondary Education Training and Labour,2021,False
True,Robyn Tingley,member of the Board of Governors,Post-Secondary Education Training and Labour,2021,True
False,Jocelyn Chan,member of the Board of Governors,Post-Secondary Education Training and Labour,2021,False
False,Louis Turgeon,member,Intergovernmental Affairs,2021,False
False,Heidi Liston,Acting Deputy Minister of Health,Executive Council Office,2021,False
False,Amanda Fairley,Returning Officer,Executive Council Office,2021,False
False,Brian Malone,"Member, Part-time",Justice and Public Safety,2021,False
False,Cyril Donahue,Returning Officer,Executive Council Office,2021,True
False,David Perley,member of the Board of Governors,Post-Secondary Education Training and Labour,2021,False
False,David Woolnough,member of the Board of Governors,Post-Secondary Education Training and Labour,2021,False
True,Francine Kanhai,member,Finance and Treasury Board,2021,False
False,Lori Stickles,President,Finance and Treasury Board,2021,False
False,Lynn Chaplin,"Vice-Chair, Part-time",Justice and Public Safety,2021,False
True,Lynn Chaplin,"Member, Part-time",Justice and Public Safety,2021,False
False,Marc Léger,"Chair, Part-time",Justice and Public Safety,2021,False
False,Paul Steeves,Deputy Chief Residential Tenancies Officer,Service New Brunswick,2021,False
False,Paul Steeves,Residential Tenancies Officer,Service New Brunswick,2021,False
True,Lori Clark,member of the Board of Governors,Post-Secondary Education Training and Labour,2021,False
False,Joél Michaud,Her Majesty’s Counsel,Executive Council Office,2021,False
False,Emily Cochrane,trustee,Post-Secondary Education Training and Labour,2021,False
False,Lucie Boucher,member,Finance and Treasury Board,2021,False
False,Lisa Neufville,Student Member of the Board of Governors,Post-Secondary Education Training and Labour,2021,False
False,Margaret (Margie) Gregg,member,Social Development,2021,False
True,Marianne Mallia,trustee and designated as Chair,Post-Secondary Education Training and Labour,2021,False
False,Mathieu Lemieux,member,Social Development,2021,False
False,Ralph Forte,member,Environment and Local Government,2021,False
True,Terrence Lenihan,Vice-Chair,Environment and Local Government,2021,True
False,Tiffany Dubé,trustee,Post-Secondary Education Training and Labour,2021,False
False,Anne Richard,Provincial Court Judge,Justice and Public Safety,2021,False
True,Annie Chiasson Doiron,member,Executive Council Office,2021,False
False,Benoit Bergeron,"alternate member (psychiatrist) of the Mental Health Review Boards for zones 1, 2, 3 and 7 (South)",Health,2021,False
False,Brigitte Lapointe,member,Executive Council Office,2021,False
False,Catherine (Cassie) Hall,member,Executive Council Office,2021,False
False,Chantal Cormier,Director,Natural Resources and Energy Development,2021,False
False,Claude Haché,Provincial Court Judge,Justice and Public Safety,2021,False
False,John Gillis,trustee,Post-Secondary Education Training and Labour,2021,False
False,Connie Melanson-Savoy,member,Executive Council Office,2021,False
True,Judith Athaide,Director,Natural Resources and Energy Development,2021,False
False,Justin J. Robichaud,"alternate Chair of the Mental Health Tribunals for zones 1, 2, 3 and 7 (South)",Health,2021,False
True,Kailha Winter-Smith,member,Executive Council Office,2021,False
False,Kanza Hashmat,member,Executive Council Office,2021,False
False,Kelly Lamrock,"Child, Youth and Senior Advocate",Executive Council Office,2021,False
True,Marc LeBlanc,member,Executive Council Office,2021,False
False,Marie-France Pelletier,Ombud,Executive Council Office,2021,False
False,Mathieu Picard,"alternate Chair of the Mental Health Tribunals for zones 1, 2, 3 and 7 (South)",Health,2021,False
False,Michelyne Paulin,Director,Natural Resources and Energy Development,2021,False
True,Nick Taggart,member,Executive Council Office,2021,False
True,Patrick Losier,member,Executive Council Office,2021,False
False,Paul Martin,Auditor General,Executive Council Office,2021,False
False,Stéphanie M. Cormier,"alternate Chair of the Mental Health Tribunals for zones 1, 2, 3 and 7 (South)",Health,2021,False
False,Myriam Mekni,member,Post-Secondary Education Training and Labour,2021,False
False,Heather Chandler,member,Executive Council Office,2021,False
False,Justin J. Robichaud,Her Majesty’s Counsel,Executive Council Office,2021,False
False,Heidi Liston,Deputy Minister of Health,Executive Council Office,2021,False
False,Dean Johnston,member,Social Development,2021,False
False,Lucie LaBoissonniére,Her Majesty’s Counsel,Executive Council Office,2021,False
True,Marilyn Evans Born,member,Finance and Treasury Board,2021,True
False,Matthew T. Hayes,Her Majesty’s Counsel,Executive Council Office,2021,False
True,Paul Van Iderstine,member,Finance and Treasury Board,2021,False
False,Sonia St-Pierre,member,Finance and Treasury Board,2021,False
False,Tania Morris,member,Finance and Treasury Board,2021,False
False,Yves Gagnon,supervisor,Environment and Local Government,2021,False
False,Andrew Sullivan,Member,Environment and Local Government,2021,False
False,Chris Ward,Member,Environment and Local Government,2021,False
False,Cristin Muecke,Member,Environment and Local Government,2021,False
False,Danny Stymiest,Member,Environment and Local Government,2021,False
False,Don Fox,Member,Environment and Local Government,2021,False
False,Khalil Al-Mughrabi,Member,Environment and Local Government,2021,False
False,Roberto Sgrosso,Member,Environment and Local Government,2021,False
False,Guylaine Savoie,member,Social Development,2021,False
False,Timothy LeBlanc,Chair,Environment and Local Government,2021,False
False,Damien Dauphin,Member,Post-Secondary Education Training and Labour,2021,False
False,Guyverson Vernous,Member,Post-Secondary Education Training and Labour,2021,False
False,Héléne Savoie-Louis,Member,Post-Secondary Education Training and Labour,2021,False
False,Laura Richard,Member,Post-Secondary Education Training and Labour,2021,False
False,Livingstone Donfack Beni,Member,Post-Secondary Education Training and Labour,2021,False
False,Mathieu Doucet,Member,Post-Secondary Education Training and Labour,2021,False
True,Brian MacDonald,member,"Agriculture, Aquaculture and Fisheries",2021,False
True,Eddy Robichaud,Vice-Chair,"Agriculture, Aquaculture and Fisheries",2021,False
True,Kier Miller,member,"Agriculture, Aquaculture and Fisheries",2021,False
True,Murphy Friesen,member,"Agriculture, Aquaculture and Fisheries",2021,True
True,Shawn Paget,Chair,"Agriculture, Aquaculture and Fisheries",2021,False
False,Amy Shanks,member,Social Development,2021,False
True,Anik Bossé,Vice-Chairperson,Post-Secondary Education Training and Labour,2021,False
False,Daniel Leger,Vice-Chairperson,Post-Secondary Education Training and Labour,2021,True
False,Amy Desjardins,Member,Post-Secondary Education Training and Labour,2021,False
True,Francois Beaulieu,Vice-Chairperson,Natural Resources and Energy Development,2021,False
False,Marcel Michaud,member,"Agriculture, Aquaculture and Fisheries",2021,False
False,Wallace Floyd,member,Social Development,2021,False
True,Louise Duguay-Lepage,member,Service New Brunswick,2021,False
True,Louise Duguay-Lepage,Vice-Chair,Service New Brunswick,2021,False
True,Andrew Dixon,member,"Tourism, Heritage and Culture",2021,True
False,John Runcie,member,"Tourism, Heritage and Culture",2021,False
False,Michel Cété,member,"Tourism, Heritage and Culture",2021,False
False,Claudia Lamschtein,member,Justice and Public Safety,2021,False
False,Marco Cloutier,Associate Chief Judge,Justice and Public Safety,2021,False
False,Mary Jane Richards,acting Chief Judge,Justice and Public Safety,2021,False
False,Mitchell Downey,member,Finance and Treasury Board,2021,False
False,Phyloméne Zangio,member of the Judicial Council,Justice and Public Safety,2021,False
False,Barbara Whitenect,director,Social Development,2021,False
False,Blake McNeil,director,Social Development,2021,False
False,Bronwyn Davies,director,Social Development,2021,False
True,Carol Desrosiers,director,Social Development,2021,False
True,Jim Mehan,director,Social Development,2021,True
True,Leanne Murray,director,Social Development,2021,True
True,Lynn Ouellette Sauvageau,director,Social Development,2021,False
False,Yvette Finn,Commissioner to conduct an examination and consultation on the Official Languages Act,Intergovernmental Affairs,2021,False
True,Yvonne Samson,director,Social Development,2021,False
False,Anna Riordon,member,Health,2021,False
True,Beth Hatt,member,"Agriculture, Aquaculture and Fisheries",2021,True
False,Beth Hatt,Vice-Chairperson,"Agriculture, Aquaculture and Fisheries",2021,False
False,Cindy Howe,member,Health,2021,False
True,David DuPlessis,member,"Agriculture, Aquaculture and Fisheries",2021,True
False,Diane Carey,member,Health,2021,False
False,Edouard Hendriks,member,Health,2021,False
False,Gail Bremner,member,Health,2021,False
True,Gailen Allan,member,"Agriculture, Aquaculture and Fisheries",2021,False
False,Gailen Allan,Chairperson,"Agriculture, Aquaculture and Fisheries",2021,False
False,Lawrence Doherty,member,Natural Resources and Energy Development,2021,False
False,John MacGillivray,member,Service New Brunswick,2021,False
False,Jane Kindred,member,Service New Brunswick,2021,False
True,Garth Lawson,member,Service New Brunswick,2021,True
False,Yanik Hachey,member,Social Development,2021,False
True,Anne Richard,Case Management Master,Justice and Public Safety,2021,True
False,Bernie Riordon,governor,"Tourism, Heritage and Culture",2021,False
True,Brian Maude,Case Management Master,Justice and Public Safety,2021,True
True,Diane Deschenes,Case Management Master,Justice and Public Safety,2021,False
True,Donald Boudreau,Case Management Master,Justice and Public Safety,2021,True
False,Douglas Baker,lay representative,Health,2021,False
False,Jeff Alpaugh,governor,"Tourism, Heritage and Culture",2021,False
False,Jerome Ouellette,Chief Coroner,Justice and Public Safety,2021,False
True,Matthew Cripps,Case Management Master,Justice and Public Safety,2021,True
False,Chantal Landry,member,Social Development,2021,False
False,Daniel R. Jardine,voting member of the Board of Directors,Justice and Public Safety,2021,False
False,Danny Gourdeau,Occupational Health and Safety Officer,Post-Secondary Education Training and Labour,2021,False
True,David Ames,voting member of the Board of Directors,Justice and Public Safety,2021,False
True,Gilles Godbout,member,"Agriculture, Aquaculture and Fisheries",2021,True
False,Germaine Guimond,member,Social Development,2021,False
False,Juliette Breau,member,Social Development,2021,False
False,Mark A. Dykeman,trustee,Post-Secondary Education Training and Labour,2021,False
False,Mary LeSage,member,Social Development,2021,False
False,Neil Vibert,member,Post-Secondary Education Training and Labour,2021,False
True,Rebecca Deveau Crofts,trustee,Post-Secondary Education Training and Labour,2021,False
False,Shelley Clayton,Vice-Chair,Social Development,2021,False
False,lvan Gerald Levesque,member,Finance and Treasury Board,2021,False
True,Benson Milner,member,"Agriculture, Aquaculture and Fisheries",2021,False
True,Bev Bacon,member,"Agriculture, Aquaculture and Fisheries",2021,False
True,Brian McCullum,member,"Agriculture, Aquaculture and Fisheries",2021,False
True,Cathy LaRochelle,Chair,"Agriculture, Aquaculture and Fisheries",2021,True
True,Jan Rademaker,member,"Agriculture, Aquaculture and Fisheries",2021,False
False,Jennifer Wilkins,vice-chairman,Environment and Local Government,2021,False
False,Brent Thompson,member,Natural Resources and Energy Development,2021,False
False,Jean Allain,Vice-Chair,Social Development,2021,False
False,James Lamkey,member,Health,2021,False
True,Tammy Moore,Case Management Master,Justice and Public Safety,2021,True
False,Janice Leahy,Acting Auditor General,Executive Council Office,2021,False
False,Samir Taleb,alternate member,Health,2021,False
False,Shelonie Cooley,member,Health,2021,False
True,Susan Knight,member of the Board of Directors,"Tourism, Heritage and Culture",2021,True
True,Tammy Augustine,voting member of the Board of Directors,Justice and Public Safety,2021,False
False,Tommy Dixon,member of the Board of Directors,"Tourism, Heritage and Culture",2021,False
False,Amanda Mitchell,Clerk and Treasurer,Environment and Local Government,2021,True
True,Douglas Baker,member,Finance and Treasury Board,2021,False
True,Gerry Legere,member,Finance and Treasury Board,2021,False
True,Lucie LaBoissoniére,member,Finance and Treasury Board,2021,False
False,Mario Comeau,member,Natural Resources and Energy Development,2021,False
False,Mike Legere,member,Natural Resources and Energy Development,2021,False
False,Mélanie McGrath,Chair,Finance and Treasury Board,2021,False
True,Raoul Boudreau,member,Finance and Treasury Board,2021,False
False,Richard (Dick) Isabelle,supervisor,Environment and Local Government,2021,False
False,Sherrie Boyd,member,Natural Resources and Energy Development,2021,False
True,Bill Campbell,member,Environment and Local Government,2021,False
False,Claude Savoie,public representative,Health,2021,False
False,Clement Tremblay,alternate member,Environment and Local Government,2021,False
True,Gary Mersereau,alternative member,Environment and Local Government,2021,False
False,H. Anne Caverhill,public representative,Health,2021,False
True,Monica Plourde,member,Environment and Local Government,2021,False
False,Robert Trevors,member,Environment and Local Government,2021,False
False,S. Boyd Anderson,member,Environment and Local Government,2021,False
False,Anat Ziv,member,Social Development,2021,False
False,Bert Cyr,member representing employers to the Board of Directors,Post-Secondary Education Training and Labour,2021,False
False,Brenda Knight,trustee,Environment and Local Government,2021,True
True,Denise Frenette,member representing the South East region,Post-Secondary Education Training and Labour,2021,False
False,Sharon Tucker,Chair,Social Development,2021,False
False,Jan Rademaker,member,"Agriculture, Aquaculture and Fisheries",2021,True
False,Kim Nash-McKinley,member of the Board of Directors,"Tourism, Heritage and Culture",2021,False
False,Kaitlin Gamble,member,Health,2021,False
False,Yanik Hachey,member,Environment and Local Government,2021,False
False,J. lan Walsh,member,Health,2021,False
False,Jean-Marie Pelletier,member,"Agriculture, Aquaculture and Fisheries",2021,False
False,Janet MacDonnell,member,Health,2021,False
False,Kerri Daamen,ticket reviewer,Justice and Public Safety,2021,False
False,Mathieu Picard,member,Health,2021,False
False,Erin Hardy,Deputy Registrar General of Land Titles,Service New Brunswick,2021,False
False,Shawn Paget,member and chair,"Agriculture, Aquaculture and Fisheries",2021,False
False,Stephanie Cormier,member,"Agriculture, Aquaculture and Fisheries",2021,True
False,Tonya Price,Registrar,Service New Brunswick,2021,False
False,Tonya Price,Director,Service New Brunswick,2021,False
False,April Sexsmith,member,"Agriculture, Aquaculture and Fisheries",2021,False
False,Brittany Stairs,member,Health,2021,False
False,Bruce Robinson,member,Health,2021,False
True,Corey J. Burton,member,"Tourism, Heritage and Culture",2021,False
False,Jared Bouley,Residential Tenancies Officer,Service New Brunswick,2021,False
False,Kevin McKendy,member,"Agriculture, Aquaculture and Fisheries",2021,False
False,Kier Miller,member,"Agriculture, Aquaculture and Fisheries",2021,True
False,Pierre Leblanc,Residential Tenancies Officer,Service New Brunswick,2021,False
False,Michel Comeau,member,"Agriculture, Aquaculture and Fisheries",2021,False
False,David Ross,Chair,Health,2021,False
False,David Ames,Vice-Chair of the Board of Directors,Justice and Public Safety,2021,False
False,Christopher Bryniak,alternate member,Health,2021,False
False,Georgina Hubbard,member,Health,2021,False
False,Chantal Gauthier,member of the Board of Directors,"Tourism, Heritage and Culture",2021,False
True,Danie Roy,Chair of the Board of Directors,Justice and Public Safety,2021,False
False,Annie Guitard,member,Health,2021,False
False,Rebekah Nason,member,"Agriculture, Aquaculture and Fisheries",2021,False
True,Bradley Cross,member of the Board of Directors,"Tourism, Heritage and Culture",2021,True
False,Jason Hamilton,member,Post-Secondary Education Training and Labour,2021,False
False,Justin Beaulieu,member,Post-Secondary Education Training and Labour,2021,True
False,France Picard,member,Health,2021,False
False,Scott Clements,member,Post-Secondary Education Training and Labour,2021,False
False,Christopher T. Titus,King’s Counsel,Executive Council Office,2022,False
False,Clarence Lee Bennett,King’s Counsel,Executive Council Office,2022,False
False,Catherine M. Bowlen,King’s Counsel,Executive Council Office,2022,False
False,Lisa Anne Keenan,King’s Counsel,Executive Council Office,2022,False
False,Marc-Antoine Chiasson,King’s Counsel,Executive Council Office,2022,False
False,Michael Marin,King’s Counsel,Executive Council Office,2022,False
False,Michéle Morin,King’s Counsel,Executive Council Office,2022,False
False,Michéle Pelletier,King’s Counsel,Executive Council Office,2022,False
False,Talia Profit,King’s Counsel,Executive Council Office,2022,False
False,Tracy Peters,King’s Counsel,Executive Council Office,2022,False
False,Jamie C. Eddy,King’s Counsel,Executive Council Office,2022,False
True,Tim Ringuette,trustee,Post-Secondary Education Training and Labour,2022,False
False,Asif Hasan,trustee,Post-Secondary Education Training and Labour,2022,False
False,Heidi MacDonald,trustee,Post-Secondary Education Training and Labour,2022,False
False,Laurent de Lavenne,trustee,Post-Secondary Education Training and Labour,2022,False
True,Mel Parker,trustee,Post-Secondary Education Training and Labour,2022,True
False,Bill Hogan,Minister of Education and Early Childhood Development,Executive Council Office,2022,False
False,Holly Stewart,member of the Board of Directors,Natural Resources and Energy Development,2022,False
False,Jeff Carr,member of the Executive Council,Executive Council Office,2022,False
False,Jeff Carr,Minister of Transportation and Infrastructure,Executive Council Office,2022,False
False,Jill Green,Minister of Service New Brunswick,Executive Council Office,2022,False
False,Marc Roy,Vice-Chairperson,Post-Secondary Education Training and Labour,2022,False
False,Kim Embleton,Chair of the Board of Directors,Natural Resources and Energy Development,2022,False
False,Kim Embleton,member of the Board of Directors,Natural Resources and Energy Development,2022,False
False,W. Rodney Macdonald,King’s Counsel,Executive Council Office,2022,False
True,Liza Anne Robichaud,Vice-Chairperson,Post-Secondary Education Training and Labour,2022,False
False,Jim Mehan,President,Executive Council Office,2022,False
False,Christine Drapeau,Vice-Chairperson,Post-Secondary Education Training and Labour,2022,False
True,David Hilderbrand,alternate member,Environment and Local Government,2022,False
False,Kris Austin,member of the Executive Council,Executive Council Office,2022,False
False,Dorothy Shephard,Vice-Chair of the Board,Executive Council Office,2022,False
False,Dorothy Shephard,Member of the Executive Council responsible for the administration,Executive Council Office,2022,False
True,Elizabeth Turgeon,member,Finance and Treasury Board,2022,False
True,Ferne Ashford,member,Finance and Treasury Board,2022,False
True,Francine Kanhai,member,Finance and Treasury Board,2022,True
True,Georges Leger,member,Finance and Treasury Board,2022,False
True,Gerard Robichaud,alternate member,Environment and Local Government,2022,False
True,Heather Stephen,member,Finance and Treasury Board,2022,False
False,Hugh John Flemming,"Minister of Justice, Attorney General",Executive Council Office,2022,False
False,Jennifer Larson,Vice-Chairperson,Post-Secondary Education Training and Labour,2022,False
False,Jim Mehan,President,Executive Council Office,2022,True
True,Marven Grant,member and Vice-chairperson,Finance and Treasury Board,2022,False
True,Micheline Hachey,member,Environment and Local Government,2022,True
False,Andrée Savoie,Vice-Chair,Executive Council Office,2022,False
True,Andrée Savoie,Vice-Chair,Executive Council Office,2022,True
False,Barry Kyle,Member,Executive Council Office,2022,False
False,Gordie Lavoie,Member,Executive Council Office,2022,False
True,James Baumgartner,Member,Executive Council Office,2022,False
False,Kathryn Cameron,Member,Executive Council Office,2022,False
False,Kathryn Lockhart,Member,Executive Council Office,2022,False
True,Michael Campbell,Chair,Executive Council Office,2022,False
False,Amy Stewart,member,Justice and Public Safety,2022,False
True,Joanne Bérubé-Gagné,member of the Board of Directors,Finance and Treasury Board,2022,False
False,Kris Austin,Minister of Public Safety,Executive Council Office,2022,False
True,Gregg Houser,director,Finance and Treasury Board,2022,False
False,Réjean Savoie,member of the Executive Council,Executive Council Office,2022,False
False,Annie Pellerin,member,Finance and Treasury Board,2022,False
False,Brian Lordon,member,"Tourism, Heritage and Culture",2022,False
True,Chief Hugh A kagi,member,"Tourism, Heritage and Culture",2022,False
False,Lyne St-Pierre-Ellis,member,"Tourism, Heritage and Culture",2022,False
False,Neil A. Vibert,member,"Tourism, Heritage and Culture",2022,False
False,Noel Milliea,member,"Tourism, Heritage and Culture",2022,False
False,Ralph Thomas,member,"Tourism, Heritage and Culture",2022,False
True,William Forrestall,member,"Tourism, Heritage and Culture",2022,False
False,Bernard Arseneau,voting member of the Board of Directors,Justice and Public Safety,2022,False
False,Carl E lanagan,member representing appointments,Post-Secondary Education Training and Labour,2022,False
True,Debbie Gray,member representing appointments,Post-Secondary Education Training and Labour,2022,False
False,Louise Desilets,member,"Agriculture, Aquaculture and Fisheries",2022,False
True,Gary Ritchie,member representing appointments,Post-Secondary Education Training and Labour,2022,False
False,Irwin Lampert,voting member of the Board of Directors,Justice and Public Safety,2022,False
False,Irwin Lampert,Chair,Justice and Public Safety,2022,False
True,Jacqueline Bergeron-Bridges,member representing appointments,Post-Secondary Education Training and Labour,2022,False
True,Marco Gagnon,member representing employers,Post-Secondary Education Training and Labour,2022,False
True,Pamela Guitard,member representing appointments,Post-Secondary Education Training and Labour,2022,False
True,Richard MacMillan,member representing appointments,Post-Secondary Education Training and Labour,2022,False
True,Richard MacMillan,member representing appointments,Post-Secondary Education Training and Labour,2022,True
True,Stephen Beatteay,member representing employers,Post-Secondary Education Training and Labour,2022,False
True,William Dixon,member representing employers,Post-Secondary Education Training and Labour,2022,False
True,William Dixon,member representing employers,Post-Secondary Education Training and Labour,2022,True
False,Carol Dixon,member,Finance and Treasury Board,2022,False
True,Gloria Clark,member representing employers,Post-Secondary Education Training and Labour,2022,False
False,Louis-Philippe Albert,Chair,"Agriculture, Aquaculture and Fisheries",2022,False
False,Ken Reicker,Vice-Chair,"Agriculture, Aquaculture and Fisheries",2022,False
False,Katherine Toner,member,"Agriculture, Aquaculture and Fisheries",2022,True
False,Bill Hogan,Member,Executive Council Office,2022,False
False,Bruce Fitch,Member,Executive Council Office,2022,True
False,Dorothy Shephard,Member,Executive Council Office,2022,False
False,Ernie Steeves,Chair,Executive Council Office,2022,True
False,Gary Crossman,Member,Executive Council Office,2022,False
False,Hugh John Flemming,Vice-Chair,Executive Council Office,2022,False
False,Réjean Savoie,Member,Executive Council Office,2022,False
False,Tammy Scott-Wallace,Member,Executive Council Office,2022,False
True,Denise Hollway,Public member,Health,2022,False
True,Diane Brideau-Laughlin,Public member,Health,2022,False
False,Jason Steeves,Public member,Health,2022,False
False,Judge Jeffrey Lantz,Preside over the matter before the Provincial Court of New Brunswick,Justice and Public Safety,2022,False
True,Lisa Neufville,Board of Governors member,Post-Secondary Education Training and Labour,2022,False
False,Amy Stewart,Alternate Chair,Health,2022,False
False,Geneviéve Jean,Chair,Health,2022,False
False,Johanne Thériault,Chair,Health,2022,False
False,Matthew Pearn,Alternate Chair,Health,2022,False
True,Sanjay Siddhartha,Alternate member (psychiatrist),Health,2022,False
True,Thaveshen Padayachee,Alternate member (psychiatrist),Health,2022,False
False,Tim Dubé,Alternate Chair,Health,2022,False
False,Wayne Power,member,"Tourism, Heritage and Culture",2022,False
True,Darren McLeod,member,"Tourism, Heritage and Culture",2022,True
False,Derek Cassista,member,"Agriculture, Aquaculture and Fisheries",2022,False
False,Hans Bouma,member,"Agriculture, Aquaculture and Fisheries",2022,True
False,James Ryan,member of the Board of Directors,Health,2022,False
False,Ryan Bourgeois,member of the Board of Directors,Natural Resources and Energy Development,2022,False
False,Bill Hogan,Minister of Public Safety,Executive Council Office,2022,False
False,Jocelyne Hachey,Member,Post-Secondary Education Training and Labour,2022,False
False,Bruce Fitch,Minister of Health,Executive Council Office,2022,False
True,David Seeley,member,"Agriculture, Aquaculture and Fisheries",2022,True
True,Geoffrey Bladon,Vice- Chair,Post-Secondary Education Training and Labour,2022,False
False,Helen Jean Newman,Vice-Chair of the Board of Directors,"Tourism, Heritage and Culture",2022,True
True,Helen Jean Newman,director,"Tourism, Heritage and Culture",2022,False
False,James Geneau,director,"Tourism, Heritage and Culture",2022,False
False,Kathy Miller-Zinn,director,"Tourism, Heritage and Culture",2022,False
False,Leah Schutte,director,"Tourism, Heritage and Culture",2022,False
False,Luke Norton,Residential Tenancies Officer,Service New Brunswick,2022,False
True,Stephanie Cormier,member engaged in pedigreed seed trade,"Agriculture, Aquaculture and Fisheries",2022,False
True,Kim Embleton,"Vice-Chair of the Agriculture, Aquaculture and Fisheries Development Board","Agriculture, Aquaculture and Fisheries",2022,False
False,Lucie LaBoissonniére,Emergency Adjudicative Officer,Justice and Public Safety,2022,False
True,Allison Walker,director,"Tourism, Heritage and Culture",2022,False
False,Lucie LaBoissonniére,Case Management Master,Justice and Public Safety,2022,False
False,Ashley King,member of the Board of Directors,Social Development,2022,False
True,Catherine Eddy,member of the Board,"Tourism, Heritage and Culture",2022,False
False,Christopher Stewart,member,Natural Resources and Energy Development,2022,False
True,Derek Cooke,member of the Board,"Tourism, Heritage and Culture",2022,False
False,Emmanuel Elmajian,member of the Board,"Tourism, Heritage and Culture",2022,False
False,Francine Quinn-Steeves,member of the Board,"Tourism, Heritage and Culture",2022,False
False,Frangois Beaulieu,Chairperson,Natural Resources and Energy Development,2022,False
False,Heather Black,member,Natural Resources and Energy Development,2022,False
False,Ian Baird,member of the Board,"Tourism, Heritage and Culture",2022,False
True,Kathryn Hamer Edwards,President of the Board,"Tourism, Heritage and Culture",2022,False
False,Ken Paul,member of the Board,"Tourism, Heritage and Culture",2022,False
False,Lucie LaBoissonniére,Adjudicator,Justice and Public Safety,2022,False
False,Rachelle Standing,Deputy Registrar,Justice and Public Safety,2022,False
False,Denny Vautour,Worker Representative on the Board of Directors,Post-Secondary Education Training and Labour,2022,False
False,Brenda L. Murphy,Lieutenant-Governor,Intergovernmental Affairs,2022,False
False,Dorothy Shephard,Minister of Social Development,Executive Council Office,2022,True
False,Amy Murdock,Comptroller,Executive Council Office,2022,False
True,Annette Comeau,member,Executive Council Office,2022,True
True,Annie Daneault,Vice-Chair,Post-Secondary Education Training and Labour,2022,True
True,Bernard Morin,member,Executive Council Office,2022,True
True,Janet Gagnon,member and Vice-Chair,Executive Council Office,2022,True
True,Jeff Jennings,member,Executive Council Office,2022,True
False,Maureen Olsen,Councillor,Health,2022,False
False,Sylvie Godin-Charest,Vice-Chair,Post-Secondary Education Training and Labour,2022,False
False,Trish Duguay,member,Environment and Local Government,2022,False
False,Brian Mosher,Chair,Natural Resources and Energy Development,2022,False
True,Maya Hamou,Case Management Master,Justice and Public Safety,2022,False
False,Peter Parker,Returning Officer,Executive Council Office,2022,False
False,Amanda LeBlanc,member,Executive Council Office,2022,False
False,Brian McLean,Associate Chief Judge,Justice and Public Safety,2022,False
False,Hebataila Mohamed,member,Executive Council Office,2022,False
False,Lind Grant-Oyeye,member,Executive Council Office,2022,False
True,Madeleine Nickerson,member,Executive Council Office,2022,True
False,Tia McFarlane,member,Executive Council Office,2022,False
False,Bill Hogan,member,Executive Council Office,2022,False
True,Stefan DeCourcey,member,Finance,2022,False
False,Ben Mersereau,Director,Social Development,2022,False
False,Scott Brittain,judge,Justice and Public Safety,2022,False
True,Donald Moore,member of the Board of Directors,Service New Brunswick,2022,True
True,Karen Taylor,member and Chair of the Board of Directors,Service New Brunswick,2022,False
False,Kevin Darling,member of the Board of Directors,Social Development,2022,False
False,Mark LeBlanc,member of the Board of Directors,Social Development,2022,False
False,Allison Walker,Chair of the Board of Directors,"Tourism, Heritage and Culture",2022,True
False,Michel Guitard,member and Vice-Chair of the Board of Directors,Social Development,2022,False
True,Liza Anne Robichaud,adjudicator,Justice and Public Safety,2022,False
False,Madeleine Dubé,member,Health,2022,False
False,Mark Crowley,member of the Board of Governors,Post-Secondary Education Training and Labour,2022,False
False,Mary Ann Mackay,member of the Board of Directors,Education and Early Childhood Development,2022,False
False,Michelle Thérése Cormier,public representative to the Discipline Committee,Health,2022,False
False,Paul Orser,member,Natural Resources and Energy Development,2022,False
True,Roger Léger,member and Chairperson,Health,2022,False
False,Sky Perley,member of the Board of Governors,Post-Secondary Education Training and Labour,2022,False
True,Susan Harley,member,Health,2022,True
False,Tim Petersen,President and Chief Executive Officer,Post-Secondary Education Training and Labour,2022,False
False,Brenda L. Murphy,Lieutenant-Governor,Executive Council Office,2022,True
True,Lindsay Bowman,member of the Board of Governors,Post-Secondary Education Training and Labour,2022,False
False,Brenda L. Murphy,Lieutenant-Governor,Executive Council Office,2022,True
False,Frances LeBlanc,Member,Post-Secondary Education Training and Labour,2022,False
False,Heidi Liston,Deputy Minister of Environment and Climate Change,Executive Council Office,2022,False
False,Jean Poirier,Member,Post-Secondary Education Training and Labour,2022,False
False,Jim Mehan,Deputy Minister of Social Development,Executive Council Office,2022,False
False,Marc-André LeBlanc,Member,Post-Secondary Education Training and Labour,2022,False
False,Margaux Savoie-Connolly,Member,Office of the Premier,2022,False
True,Mélanie Paulin-Gagnon,Member,Post-Secondary Education Training and Labour,2022,False
False,Patrick Losier,Chair,Office of the Premier,2022,False
False,Renée Morrison,Member,Post-Secondary Education Training and Labour,2022,False
False,Melissa Gillis,member of the Board of Directors,Social Development,2022,False
False,Susy Gallien,Member,Post-Secondary Education Training and Labour,2022,False
False,Eric Beaulieu,Deputy Minister of Health,Executive Council Office,2022,False
True,Kurtis Sisk,member of the Board of Governors,Post-Secondary Education Training and Labour,2022,False
False,Victoria Scott,member of the Board of Governors,Post-Secondary Education Training and Labour,2022,False
False,Emily Teed,commissioner,Executive Council Office,2022,False
True,Paul Levesque,member of the Board of Directors,Social Development,2022,False
False,Pierre-André Fruytier,member of the Board,"Tourism, Heritage and Culture",2022,False
False,Kerry Atkinson,member of the Discipline Committee,Environment and Local Government,2022,False
False,Stephanie Hayes Wilson,member,Natural Resources and Energy Development,2022,False
False,Suzanne Coulombe,member of the Board,"Tourism, Heritage and Culture",2022,False
False,Camille Thériault,commissioner,Executive Council Office,2022,False
False,Camille Thériault,co-chairperson,Executive Council Office,2022,False
False,Elizabeth Forestell,member,Post-Secondary Education Training and Labour,2022,False
False,J. Roger Clinch,commissioner,Executive Council Office,2022,False
False,J. Roger Clinch,co-chairperson,Executive Council Office,2022,False
False,Josée Rioux-Walker,commissioner,Executive Council Office,2022,False
False,Phyloméne Zangio,member,Post-Secondary Education Training and Labour,2022,False
False,Krista Ross,commissioner,Executive Council Office,2022,False
False,Brenda L. Murphy,Lieutenant-Governor,Environment and Local Government,2022,False
False,Jasmine Murchison-Perley,member,Health,2022,False
True,Raymond Doiron,member,"Tourism, Heritage and Culture",2022,False
False,Roger J. Ouellette,commissioner,Executive Council Office,2022,False
False,Ann Collins,member,Health,2022,False
True,Harry Doyle,member,Health,2022,True
True,Gregory Cook,member of the Board of Directors,Environment and Local Government,2022,False
True,Aynslie Croney,member of the Board of Governors,Post-Secondary Education Training and Labour,2022,False
False,Randy Dickinson,member,Post-Secondary Education Training and Labour,2022,False
False,Brenda L. Murphy,Lieutenant-Governor,Environment and Local Government,2022,True
False,Christine Drapeau,member,Natural Resources and Energy Development,2022,False
True,Christy Bishop,public representative to the Board of Directors,Health,2022,True
True,Bernard LeBlanc,Vice-Chairperson,Post-Secondary Education Training and Labour,2023,False
False,Alexander (Sandy) Bastarache,alternate member,Environment and Local Government,2023,False
False,Thomas McCauley,councillor,Health,2023,False
True,Tony Whalen,Member and Chair,"Tourism, Heritage and Culture",2023,False
False,Robert Haché,Alternate Member,"Agriculture, Aquaculture and Fisheries",2023,False
True,Nadine Léger,Chair,Environment and Local Government,2023,False
False,Michael Blaney,Supervisor,Environment and Local Government,2023,False
False,Jean-Michel Michaud,Member,"Agriculture, Aquaculture and Fisheries",2023,False
False,Jean Lanteigne,Member,"Agriculture, Aquaculture and Fisheries",2023,False
False,Darlene Skaarup,member,Environment and Local Government,2023,False
False,James Mockler,Member and Chair,"Agriculture, Aquaculture and Fisheries",2023,False
True,Mireille Vautour,member representing the North-West region of the province,Post-Secondary Education Training and Labour,2023,False
False,Francois Carrier,Expropriations Advisory Officer,Justice and Public Safety,2023,False
False,Lloyd Waugh,member of the Board of Directors,New Brunswick Housing Corporation,2023,False
False,Karen Pierpoint,Vice-Chairperson,Post-Secondary Education Training and Labour,2023,False
True,Trisha Perry,Vice-Chairperson,Post-Secondary Education Training and Labour,2023,True
False,Yanis Khiari,Vice-Chairperson,Post-Secondary Education Training and Labour,2023,False
False,Alexandra Davis,member of the Board of Directors,New Brunswick Housing Corporation,2023,False
False,Alexandra LeBreton,lay representative,Health,2023,False
False,Ann Seamans,member of the Board of Directors,New Brunswick Housing Corporation,2023,False
False,Ginny MacDonald,member of the Board of Directors,New Brunswick Housing Corporation,2023,False
False,Greg Lutes,Supervisor,Environment and Local Government,2023,False
False,Jim Mehan,member of the Board of Directors,New Brunswick Housing Corporation,2023,False
False,Marie-Paul Robichaud,member of the Board of Directors,New Brunswick Housing Corporation,2023,False
False,Guylaine Savoie,Alternate Member,"Agriculture, Aquaculture and Fisheries",2023,False
True,Thomas McCauley,Councillor on the Executive Council,Health,2023,False
True,Denis Mallet,member representing the North-East region of the province,Post-Secondary Education Training and Labour,2023,False
False,Susan Willis,Member representing producers,Natural Resources and Energy Development,2023,False
False,Serge Gagnon,President,Finance and Treasury Board,2023,False
False,Omorodion Omokheyeke,member of the Board of Directors,New Brunswick Housing Corporation,2023,False
False,Rena Levesque,Clerk,Justice and Public Safety,2023,False
False,Rena Levesque,Deputy Registrar,Justice and Public Safety,2023,False
False,Arlene Dunn,"Minister of Post-Secondary Education, Training and Labour",Executive Council Office,2023,False
False,Bill Hogan,Member,Executive Council Office,2023,True
False,Bruce Fitch,Member,Executive Council Office,2023,True
False,Ernie Steeves,Chair,Executive Council Office,2023,True
False,Gary Crossman,Member,Executive Council Office,2023,True
False,Glen Savoie,Minister of Local Government,Executive Council Office,2023,False
False,Greg Turner,member of the Executive Council,Executive Council Office,2023,False
False,Hugh John Flemming,Vice-Chair,Executive Council Office,2023,True
False,Jill Green,Member,Executive Council Office,2023,False
False,Annie Ferguson,Alternate Member,"Agriculture, Aquaculture and Fisheries",2023,False
False,Jill Green,Minister of Social Development,Executive Council Office,2023,False
False,Mary Wilson,member of the Executive Council,Executive Council Office,2023,True
False,Mary Wilson,Minister of Service New Brunswick,Executive Council Office,2023,True
False,Richard Ames,member of the Executive Council,Executive Council Office,2023,False
False,Richard Ames,Minister of Transportation and Infrastructure,Executive Council Office,2023,False
False,Richard Ames,Member,Executive Council Office,2023,False
False,Réjean Savoie,Member,Executive Council Office,2023,True
False,Sherry Wilson,member of the Executive Council,Executive Council Office,2023,False
False,Sherry Wilson,Member,Executive Council Office,2023,False
False,Tammy Scott-Wallace,Member,Executive Council Office,2023,True
False,Alex Berry,Member,Environment and Local Government,2023,False
False,Charbel Awad,Chairman,Environment and Local Government,2023,False
False,Charbel Awad,Commissioner,Environment and Local Government,2023,False
False,Kathy Bockus,member of the Executive Council,Executive Council Office,2023,False
False,Ronnie Arseneau,member of the Board of Directors,New Brunswick Housing Corporation,2023,False
False,Michael Lavigne,member,"Agriculture, Aquaculture and Fisheries",2023,False
False,Bruce D. Grant,His Majesty’s Counsel,Executive Council Office,2023,False
False,David Brown,Vice-Chair,Post-Secondary Education Training and Labour,2023,False
False,Diane Allain,member of the Board of Governors,Post-Secondary Education Training and Labour,2023,False
False,Geraldine (Nadine) Villegas,member of the Board of Governors,Post-Secondary Education Training and Labour,2023,False
False,Gilles Cormier,member of the Board of Directors,Executive Council Office,2023,True
False,Ginny MacDonald,member,Finance and Treasury Board,2023,False
False,Gordie Lavoie,Vice-Chair of the Board of Directors,Executive Council Office,2023,False
False,Greg McKim,member,Finance and Treasury Board,2023,False
False,Jean Bartibogue,member,Post-Secondary Education Training and Labour,2023,False
False,Johanne Thériault Paulin,Vice-Chair,Post-Secondary Education Training and Labour,2023,False
False,Michéle Hébert,member,Finance and Treasury Board,2023,False
False,Paul Van iderstine,Chair,Finance and Treasury Board,2023,False
False,Rachel Richardson,member,Post-Secondary Education Training and Labour,2023,False
False,Steven Lambert,member,Post-Secondary Education Training and Labour,2023,False
True,Angela Breau Caissie,member,Environment and Local Government,2023,True
True,Brian Maude,Case Management Master,,2023,False
False,Crystal Critch,Emergency Adjudicative Officer,,2023,False
False,Crystal Critch,Case Management Master,,2023,False
False,Crystal Critch,Small Claims Adjudicator,,2023,False
True,Diane Deschénes,Case Management Master,,2023,False
True,Donald Boudreau,Case Management Master,,2023,False
True,Giselle Price,member,Environment and Local Government,2023,False
True,L. Graeme MacKinnon,alternate member,Environment and Local Government,2023,True
False,Sylvie Melanson,alternate member,Environment and Local Government,2023,False
True,Tammy Moore,Case Management Master,,2023,False
False,Rena Levesque,Administrator,Justice and Public Safety,2023,False
False,Daniel Léger,Vice-Chair,Post-Secondary Education Training and Labour,2023,False
False,Andrew McLaughlin,member of the Board of Directors,Executive Council Office,2023,True
False,Mélanie Poirier LeBlanc,judge,Justice and Public Safety,2023,False
False,Tammy Palser,alternate member,Health,2023,False
False,Charlotte Bourque,His Majesty’s Counsel,Executive Council Office,2023,False
False,Donald C. Arseneau,His Majesty’s Counsel,Executive Council Office,2023,False
False,Donald V. Keenan,His Majesty’s Counsel,Executive Council Office,2023,False
False,Isabel-Renée Lavoie Daigle,His Majesty’s Counsel,Executive Council Office,2023,False
False,James L. Mockler,His Majesty’s Counsel,Executive Council Office,2023,False
False,Jeffrey R. Delaney,His Majesty’s Counsel,Executive Council Office,2023,False
False,L. Paul Elliot,His Majesty’s Counsel,Executive Council Office,2023,False
False,Melanie L. Cassidy,His Majesty’s Counsel,Executive Council Office,2023,False
False,Mélanie C. Tompkins,His Majesty’s Counsel,Executive Council Office,2023,False
False,Mélanie Poirier LeBlanc,His Majesty’s Counsel,Executive Council Office,2023,False
False,Stephen J. Doucet,His Majesty’s Counsel,Executive Council Office,2023,False
False,Arlene Dunn,Minister of Indigenous Affairs,Indigenous Affairs,2023,False
False,A. Kent Robinson,His Majesty’s Counsel,Executive Council Office,2023,False
False,Kim Embleton,Acting Deputy Minister,Executive Council Office,2023,True
False,Jason Green,member representing employers on the Board of Directors,Post-Secondary Education Training and Labour,2023,False
False,Jennifer Bélanger,member,"Tourism, Heritage and Culture",2023,False
False,Judge Jeffrey Lantz,Judge,Justice and Public Safety,2023,False
False,Ysabelle Vautour,member,"Tourism, Heritage and Culture",2023,False
False,Greg Bridgeo,alternate member,Health,2023,False
False,Guylaine Savoie,member,Health,2023,False
False,Jason Godin,alternate chair,Health,2023,False
False,Marine Polo,alternate chair,Health,2023,False
False,Miguel LeBlanc,lay representative who is not a member of the Association,Health,2023,False
False,Monika Berenyi,alternate chair,Health,2023,False
False,Sean Pauley,alternate member,Health,2023,False
False,Shelby Thompson,alternate member,Health,2023,False
True,James Stanley,member representing workers on the Board of Directors,Post-Secondary Education Training and Labour,2023,False
True,Mike Legere,Member representing the forest industries of New Brunswick,Natural Resources and Energy Development,2023,False
True,Wayne Carson,member of the Board of Governors,Post-Secondary Education Training and Labour,2023,False
False,Chantal Moreau,Adjudicator,Justice and Public Safety,2023,False
False,J. Kitty Maurey,Councillor to the Executive Council,Health,2023,False
False,Jim Mehan,Board of Directors,Social Development; Service New Brunswick,2023,False
False,Judy Ross,President,Social Development; Service New Brunswick,2023,False
False,Julie Mason,Acting Deputy Minister of Education and Early Childhood Development (Francophone),Executive Council Office,2023,False
False,Tanya Chapman,voting member of the Board of Directors,Justice and Public Safety,2023,False
False,Adam Donnelly,"Board of Directors, member representing employers",Post-Secondary Education Training and Labour,2023,False
True,Bruce Wood,member of the Board of Directors,Finance and Treasury Board,2023,True
False,Loic Bento,member of the Board of Governors,Post-Secondary Education Training and Labour,2023,False
False,Timothy Bell,member of the Board of Governors,Post-Secondary Education Training and Labour,2023,False
False,Barbara McFarlane,member of the Board of Directors,Environment and Local Government,2023,False
False,Luc Morin,member,"Agriculture, Aquaculture and Fisheries",2023,False
False,Matthew Tweedie,Chairperson,"Agriculture, Aquaculture and Fisheries",2023,False
True,Paul Chiasson,member,"Agriculture, Aquaculture and Fisheries",2023,False
True,Robert Speer,member,"Agriculture, Aquaculture and Fisheries",2023,False
True,Victor Somerville,member,"Agriculture, Aquaculture and Fisheries",2023,False
False,Chantal Landry,Executive Director,Justice and Public Safety,2023,False
True,Christopher MacDonald,member of the Board of Governors,Post-Secondary Education Training and Labour,2023,False
False,Derek Cassista,Member,"Agriculture, Aquaculture and Fisheries",2023,False
False,Emilie Plourde,alternate chair,Health,2023,False
False,Gail Gardiner,alternate member,Health,2023,False
True,Guy Dumas,Chair,Health,2023,False
False,H. Wade MacLauchlan,Chancellor,Post-Secondary Education Training and Labour,2023,False
True,James L. Proudfoot,Member,Social Development,2023,False
True,Jami Moore,Member,Social Development,2023,False
True,Janet Knox,member of the Board of Governors,Post-Secondary Education Training and Labour,2023,False
False,Brenda L. Murphy,Lieutenant-Governor,Executive Council Office,2023,True
True,Jason Godin,Vice-Chair,Social Development,2023,False
False,Brenda L. Murphy,Lieutenant-Governor,Executive Council Office,2023,True
False,Sarah Ketcheson,director,"Tourism, Heritage and Culture",2023,False
False,Chantal Moreau,Case Management Master,Justice and Public Safety,2023,False
True,Cédric Laverdure,member of the Board of Directors,Finance and Treasury Board,2023,False
True,L. Paul Elliot,member of the Board of Directors,Finance and Treasury Board,2023,True
False,Rene Comeau,lay representative to the Board of Directors,Health,2023,False
False,William Forrestall,member of the Judicial Council,Justice and Public Safety,2023,False
False,Paul D’Astous,Chief of Staff and Deputy Minister,Executive Council Office,2023,False
False,Cyprien Okana,member,Post-Secondary Education Training and Labour,2023,False
False,Robynn MacDonald,member,Post-Secondary Education Training and Labour,2023,False
False,Shannonbrooke Murphy,member,Post-Secondary Education Training and Labour,2023,False
True,Shelley Dumouchel,member,Post-Secondary Education Training and Labour,2023,False
True,Amy Pidt,member,"Tourism, Heritage and Culture",2023,True
True,Marc Léger,Chair,Justice and Public Safety,2023,False
True,Marc Léger,part-time member,Justice and Public Safety,2023,False
False,Gail Bremner,Chair,Social Development,2023,False
False,Ryan Donaghy,Deputy Minister of Education and Early Childhood Development (Anglophone),Executive Council Office,2023,False
False,Andrew Costin,Vice-Chair,Environment and Local Government,2023,False
False,Dawn Hubbard,member,Finance and Treasury Board,2023,False
False,Matthew Cripps,judge,Justice and Public Safety,2023,False
False,Mel Parker,Alternate Member,Environment and Local Government,2023,False
True,Micheline T. Doiron,Chair,Environment and Local Government,2023,True
True,Robert Arsenault,Member,Environment and Local Government,2023,False
False,Stephen Purdy,Alternate Member,Environment and Local Government,2023,False
False,David Good,director,"Tourism, Heritage and Culture",2023,False
False,Glen Treadaway,director,"Tourism, Heritage and Culture",2023,False
False,Lori Clark,President and Chief Executive Officer,Natural Resources and Energy Development,2023,False
False,Shabeer Amirali,member,Office of the Premier,2023,False
True,Julia MacLauchlan,member of the Board of Governors,Post-Secondary Education Training and Labour,2023,False
True,Michéle Ouellette,member,Office of the Premier,2023,True
True,Katherine Toner,Chair,"Agriculture, Aquaculture and Fisheries",2023,False
False,Damien Witkowski,member of the Board of Governors,Post-Secondary Education Training and Labour,2023,False
False,Dan Mills,member,Executive Council Office,2023,False
False,Jennifer Hubbard,member,Executive Council Office,2023,False
True,Jocelyn Chan,member of the Board of Governors,Post-Secondary Education Training and Labour,2023,True
False,Kent Estabrooks,member,Executive Council Office,2023,False
False,Laurier L. Schramm,member,Executive Council Office,2023,False
True,Levi Hargrove,member,Executive Council Office,2023,True
True,M. Irene McCardle,member,Executive Council Office,2023,False
False,Margaret Johnson,Acting Minister of Social Development,Executive Council Office,2023,False
False,Margaret Johnson,"Minister of Agriculture, Aquaculture and Fisheries",Executive Council Office,2023,True
True,Meaghan Seagrave,"member, and Vice-Chair",Executive Council Office,2023,False
True,Paul Mazerolle,President,Office of the Premier,2023,True
True,Réjean Boudreau,member of the Board of Governors,Post-Secondary Education Training and Labour,2023,False
False,Sadie Perron,member of the Board of Governors,Post-Secondary Education Training and Labour,2023,False
False,Samar Shoaib,member of the Board of Governors,Post-Secondary Education Training and Labour,2023,False
False,Scott Grant,member of the Board of Governors,Post-Secondary Education Training and Labour,2023,False
False,Shawn Mesheau,member of the Board of Governors,Post-Secondary Education Training and Labour,2023,False
True,Shelley Rinehart,"member, and Chair",Executive Council Office,2023,False
False,Sophie Robichaud,member of the Board of Governors,Post-Secondary Education Training and Labour,2023,False
False,Traci Simmons,Chief Executive Officer,Executive Council Office,2023,False
False,Traci Simmons,member,Executive Council Office,2023,False
False,Wes McLean,member of the Board of Governors,Post-Secondary Education Training and Labour,2023,False
True,Brian Mosher,Chair,Natural Resources and Energy Development,2023,True
False,Justin Montreuil,Member,"Agriculture, Aquaculture and Fisheries",2023,False
False,Chantal Moreau,Emergency Adjudicative Officer,Justice and Public Safety,2023,False
False,Charbel Awad,Acting Deputy Minister,Executive Council Office,2023,False
True,Cathy LaRochelle,member,Executive Council Office,2023,True
False,Nicole Gionet,member of the Board of Governors,Post-Secondary Education Training and Labour,2023,False
True,Annette Comeau,member,Executive Council Office,2023,True
True,Kevin Hoyt,member of the Board of Governors,Post-Secondary Education Training and Labour,2023,False
False,Louise Desilets,Member,"Agriculture, Aquaculture and Fisheries",2023,False
True,Catherine Lawrence,member of the Board of Governors,Post-Secondary Education Training and Labour,2023,True
False,Marcelle Thibodeau-Hennigar,Member,"Agriculture, Aquaculture and Fisheries",2023,False
True,Mark Fisher,Member,Social Development,2023,False
True,Maurice Maillet,Vice-Chair,"Agriculture, Aquaculture and Fisheries",2023,False
True,Melanie Burns,Member,Social Development,2023,False
False,Monique Mallet-Boucher,alternate member,Health,2023,False
True,Roger Sénéchal,Member,Social Development,2023,False
True,Sherry MacEachern,Member,Social Development,2023,False
False,Stephanie Hayes Wilson,Vice-Chairperson,Natural Resources and Energy Development,2023,False
True,Terry Ogilvie,Member,Social Development,2023,False
True,Teshome Kelkile,alternate member (psychiatrist),Health,2023,False
True,Yves Banville,Member,"Agriculture, Aquaculture and Fisheries",2023,True
False,Shakara Carter,member of the Inspection Review Committee,Health,2023,False
False,Diane Botelho,Executive Director,Executive Council Office,2023,False
False,Aissatou Barry,member of the Board of Governors,Post-Secondary Education Training and Labour,2023,False
True,Heather Stephen,member,Finance and Treasury Board,2023,True
False,Gerry Peters,member,Finance and Treasury Board,2023,False
True,Georges Leger,member,Finance and Treasury Board,2023,True
True,Ferne Ashford,member,Finance and Treasury Board,2023,True
True,Stephanie Leduc,lay representative,Health,2023,False
True,Brigitte Ouellette,member,Finance and Treasury Board,2023,True
False,Andrew MacGillivray,Chair of the Board of Directors,Natural Resources and Energy Development,2023,False
True,Andrew MacGillivray,director,Natural Resources and Energy Development,2023,False
False,Seth Black,member,"Agriculture, Aquaculture and Fisheries",2023,False
True,Cyril Johnston,member,Finance and Treasury Board,2023,True
False,Monique Caissie,Clerk of the Court of King’s Bench of New Brunswick — Trial Division,Justice and Public Safety,2024,False
True,Mel Norton,Chairperson of the Board of Directors,Post-Secondary Education Training and Labour,2024,False
False,Mark Doucette,member,Natural Resources and Energy Development,2024,False
False,Marc Roy,member,Justice and Public Safety,2024,False
True,Kerry Atkinson,member of the Discipline Committee,Environment and Local Government,2024,True
False,Kendall Mason,member,Natural Resources and Energy Development,2024,False
False,Janik Collette,Adjudicator,Justice and Public Safety,2024,False
False,Karen Lee,judge,Justice and Public Safety,2024,False
False,John Casey,member,Natural Resources and Energy Development,2024,False
False,Janik Collette,Case Management Master,Justice and Public Safety,2024,False
False,Janik Collette,Emergency Adjudicative Officer,Justice and Public Safety,2024,False
False,Monique Caissie,Clerk of the Probate Court of New Brunswick,Justice and Public Safety,2024,False
False,Kenneth McCullogh,member,Justice and Public Safety,2024,False
False,Mélanie Poirier LeBlanc,Associate Chief Judge,Justice and Public Safety,2024,False
False,Alison J. Ménard,His Majesty’s Counsel,Justice and Public Safety,2024,False
False,Pierre Gionet,judge,Justice and Public Safety,2024,False
False,Rena Levesque,Chairperson,Justice and Public Safety,2024,False
False,Vicky Gaunce,member,Natural Resources and Energy Development,2024,False
False,Ann Collins,member,Health,2024,True
False,Christian Whalen,Public Trustee,Justice and Public Safety,2024,False
False,Céline Robichaud-Trifts,member,Health,2024,False
False,Diane Carey,member,Health,2024,True
False,Joanna Martin,member,Health,2024,False
False,Lisa Snodgrass,member,Health,2024,False
False,Madeleine Dubé,member,Health,2024,True
False,Caroline Lafontaine,His Majesty’s Counsel,Justice and Public Safety,2024,False
True,Janet MacDonnell,member,Health,2024,True
False,Charles E. Murray,His Majesty’s Counsel,Justice and Public Safety,2024,False
False,Patricia Seaman,member,Natural Resources and Energy Development,2024,False
False,Jamie Eddy,member,Justice and Public Safety,2024,False
False,Meg Collins,Vice-Chairperson,Post-Secondary Education Training and Labour,2024,False
False,Gerry Peters,"Chair, member",Health,2024,False
False,Denis G. Thériault,His Majesty’s Counsel,Justice and Public Safety,2024,False
False,Geneviéve Latour,Member Organization Representative,Women's Equality,2024,False
False,Hugh J. Flemming,Minister of Natural Resources and Energy Development,Executive Council Office,2024,False
True,Jennifer Richard,Member Organization Representative,Women's Equality,2024,False
False,Maderic Kadjo Atta,member of the Board of Governors,Post-Secondary Education Training and Labour,2024,False
False,Michéle Nadeau,Member Organization Representative,Women's Equality,2024,False
False,Patricia Morris,Member Organization Representative,Women's Equality,2024,False
False,Réjean Savoie,Minister of Indigenous Affairs,Executive Council Office,2024,False
True,Stefan DeCourcey,member,Finance and Treasury Board,2024,False
False,Tiffany Mirzica,Member,Women's Equality,2024,False
False,(Tracy) Denise Cassidy,member,Environment and Local Government,2024,False
True,Anne Caverhill,public representative on the Board of Directors,Health,2024,False
True,Brigette Ouellette,Vice-Chair,Environment and Local Government,2024,False
True,Claude Savoie,public representative on the Board of Directors,Health,2024,False
False,J. Douglas Baker,member of the Board of Directors,Environment and Local Government,2024,False
False,Debbie Peters,member,,2024,False
False,Linda Maillet,member,,2024,False
True,Monica Plourde,member,Environment and Local Government,2024,True
False,Morgan Wilcox,member,,2024,False
False,Paul G. Chiasson,member,Environment and Local Government,2024,False
True,Tammy Augustine,voting member of the Board of Directors,Justice and Public Safety,2024,True
False,Kenneth B. McCullogh,full-time member,Natural Resources and Energy Development,2024,False
False,Lyne Raymond,judge,Justice and Public Safety,2024,False
True,Michael Marin,Vice-Chair,Post-Secondary Education Training and Labour,2024,True
False,Morgan Wilcox,Vice-Chair,Post-Secondary Education Training and Labour,2024,False
False,Ava Hiltz,member,Health,2024,False
False,Brian C. McLean,Chief Judge,Justice and Public Safety,2024,False
True,Christy Bishop,public representative,Health,2024,False
False,Douglas C. Stanley,"member, Chairperson",Justice and Public Safety,2024,False
False,Faith Ekemeiren Omo-Eguaoje,member,Natural Resources and Energy Development,2024,False
True,Gary Mersereau,alternate member,Environment and Local Government,2024,False
False,Duane M. McAfee,His Majesty’s Counsel,Justice and Public Safety,2024,False
False,Judge Paul Scovil,Provincial Court Judge,Justice and Public Safety,2024,False
False,Jade A. Spalding,His Majesty’s Counsel,Justice and Public Safety,2024,False
False,Robert Gauvin,Minister of Public Safety,Executive Council Office,2024,False
False,Robert McKee,Minister of Justice and Attorney General,Executive Council Office,2024,False
False,Robert McKee,His Majesty’s Counsel,Executive Council Office,2024,False
False,Robert McKee,member of the Executive Council,Executive Council Office,2024,False
False,Susan Catherine Holt,member of the Executive Council,Executive Council Office,2024,False
False,Susan Catherine Holt,Premier and President of the Executive Council,Executive Council Office,2024,False
False,Charles Ayles,Interim Deputy Minister of Intergovernmental Affairs,Executive Council Office,2024,False
False,Judy Wagner,Interim Clerk of the Executive Council and Interim Secretary to Cabinet,Executive Council Office,2024,False
False,Judy Wagner,Interim Deputy Minister of the Executive Council Office,Executive Council Office,2024,False
False,Kelly Cain,Chief of Staff and Deputy Minister of the Office of the Premier,Executive Council Office,2024,False
False,Shannon Wilson,"Interim Deputy Minister of Tourism, Heritage and Culture",Executive Council Office,2024,False
False,Travis Bergin,Interim Deputy Minister of Finance and Treasury Board,Executive Council Office,2024,False
False,Travis Bergin,Acting Secretary to Treasury Board,Executive Council Office,2024,False
False,Alyson Townsend,Member of Treasury Board,Executive Council Office,2024,False
False,Robert Gauvin,member of the Executive Council,Executive Council Office,2024,False
False,Chuck Chiasson,Member of Treasury Board,Executive Council Office,2024,False
False,John Herron,Member of Treasury Board,Executive Council Office,2024,False
False,Luke Randall,Member of Treasury Board,Executive Council Office,2024,False
False,René Legacy,"Chair, Member of Treasury Board",Executive Council Office,2024,False
False,Robert Gauvin,"Vice-Chair, Member of Treasury Board",Executive Council Office,2024,False
False,Emily Muckler,Member Organization Representative,Women's Equality,2024,False
False,Katie Davey,"Deputy Minister, Principal Secretary to the Premier",Executive Council Office,2024,False
False,Michael Pickup,Comptroller,Finance and Treasury Board,2024,False
False,Haley Bungay,Governor,"Tourism, Heritage and Culture",2024,False
False,Julie Mason,Deputy Minister of Education and Early Childhood Development (Francophone),Executive Council Office,2024,False
True,James Ryan,member of the Board of Directors,Health,2024,True
False,Michéle Pelletier,Acting Consumer Advocate,,2024,False
False,Steve McNair,Deputy Registrar,Justice and Public Safety,2024,False
False,Cade Libby,Acting Deputy Minister,Executive Council Office,2024,False
False,Jean-Claude D’Amours,Minister of Intergovernmental Affairs,Executive Council Office,2024,False
False,Cindy Miles,Member of Treasury Board,Executive Council Office,2024,False
False,Erik Roy,His Majesty’s Counsel,Justice and Public Safety,2024,False
False,René Michel Legacy,Minister of Finance and Treasury Board,Executive Council Office,2024,False
False,Pat Finnigan,"Minister of Agriculture, Aquaculture and Fisheries",Executive Council Office,2024,False
False,Jill M. Knee,His Majesty’s Counsel,Justice and Public Safety,2024,False
False,Josie Marks,His Majesty’s Counsel,Justice and Public Safety,2024,False
False,Kevin C. Toner,His Majesty’s Counsel,Justice and Public Safety,2024,False
False,Maurice C. Richard,His Majesty’s Counsel,Justice and Public Safety,2024,False
False,Stéphanie Luce,His Majesty’s Counsel,Justice and Public Safety,2024,False
False,Timothy M. Hopkins,His Majesty’s Counsel,Justice and Public Safety,2024,False
False,Aaron Blake Kennedy,Minister of Local Government,Executive Council Office,2024,False
False,Aaron Blake Kennedy,member of the Executive Council,Executive Council Office,2024,False
False,Alyson Jean Townsend,"Minister of Post-Secondary Education, Training and Labour",Executive Council Office,2024,False
False,Alyson Jean Townsend,member of the Executive Council,Executive Council Office,2024,False
False,Chuck Chiasson,Minister of Transportation and Infrastructure,Executive Council Office,2024,False
False,Chuck Chiasson,member of the Executive Council,Executive Council Office,2024,False
False,Claire Johnson,member of the Executive Council,Executive Council Office,2024,False
False,Claire Johnson,Minister of Education and Early Childhood Development,Executive Council Office,2024,False
False,René Michel Legacy,member of the Executive Council,Executive Council Office,2024,False
False,Cynthia Miles,Minister of Social Development,Executive Council Office,2024,False
False,David Charles Hickey,member of the Executive Council,Executive Council Office,2024,False
False,Gilles LePage,Minister of Environment and Climate Change,Executive Council Office,2024,False
False,Gilles LePage,member of the Executive Council,Executive Council Office,2024,True
False,Isabelle Thériault,"Minister of Tourism, Heritage and Culture",Executive Council Office,2024,False
False,Isabelle Thériault,member of the Executive Council,Executive Council Office,2024,False
False,Jean-Claude D’Amours,member of the Executive Council,Executive Council Office,2024,False
False,John Michael Dornan,Minister of Health,Executive Council Office,2024,False
False,John Michael Dornan,member of the Executive Council,Executive Council Office,2024,False
False,John Patrick Herron,member of the Executive Council,Executive Council Office,2024,False
False,Joshua Luke Randall,member of the Executive Council,Executive Council Office,2024,False
False,Keith Chiasson,Minister of Indigenous Affairs,Executive Council Office,2024,False
False,Keith Chiasson,member of the Executive Council,Executive Council Office,2024,False
False,Lyne Chantal Boudreau,member of the Executive Council,Executive Council Office,2024,False
False,Pat Finnigan,member of the Executive Council,Executive Council Office,2024,False
False,Cynthia Miles,member of the Executive Council,Executive Council Office,2024,False
False,Chelsea Seale,Vice-Chairperson,Post-Secondary Education Training and Labour,2024,False
True,Lynn Chaplin,member,Justice and Public Safety,2024,False
True,Tommy Dixon,Director,"Tourism, Heritage and Culture",2024,False
True,Benson Milner,member,"Agriculture, Aquaculture and Fisheries",2024,True
True,Bev Bacon,member,"Agriculture, Aquaculture and Fisheries",2024,True
True,Brian McCullum,member,"Agriculture, Aquaculture and Fisheries",2024,True
True,Cathy LaRochelle,Chair,"Agriculture, Aquaculture and Fisheries",2024,True
False,Giselle Goguen,Chair,Environment and Local Government,2024,False
True,Jan Rademaker,member,"Agriculture, Aquaculture and Fisheries",2024,True
False,Michel C. Leger,Chair,Environment and Local Government,2024,False
False,Andrea Draper-Calhoun,"Administrator of the Court of King’s Bench — Family Division, Clerk of the Court of King’s Bench - Trial Division, Clerk of the Probate Court",Justice and Public Safety,2024,False
False,Chantal Simpson,Administrator of the Court of King’s Bench — Family Division,Justice and Public Safety,2024,False
True,Corey J. Burton,member,"Tourism, Heritage and Culture",2024,True
False,Johanne Gray-Godin,"Administrator of the Court of King’s Bench — Family Division, Clerk of the Court of King’s Bench — Trial Division, Clerk of the Probate Court",Justice and Public Safety,2024,False
False,Lindsay Genier,Administrator of the Court of King’s Bench — Family Division,Justice and Public Safety,2024,False
False,Mandy Guay,"Administrator of the Court of King’s Bench — Family Division, Clerk of the Court of King’s Bench - Trial Division, Clerk of the Probate Court",Justice and Public Safety,2024,False
True,Mark Dykeman,trustee,Post-Secondary Education Training and Labour,2024,False
False,Mark Glass,trustee,Post-Secondary Education Training and Labour,2024,False
False,Pamela Bourque,"Clerk of the Court of King’s Bench ~— Trial Division, Clerk of the Probate Court",Justice and Public Safety,2024,False
False,Sarah Hébert,"Clerk of the Court of King’s Bench - Trial Division, Clerk of the Probate Court",Justice and Public Safety,2024,False
False,Stephene Baglole,"Administrator of the Court of King’s Bench — Family Division, Clerk of the Court of King’s Bench - Trial Division, Clerk of the Probate Court",Justice and Public Safety,2024,False
False,Michel C. Leger,Chair,Environment and Local Government,2024,True
True,Beth Hatt,Vice-Chairperson,"Agriculture, Aquaculture and Fisheries",2024,True
True,David DuPlessis,member,"Agriculture, Aquaculture and Fisheries",2024,True
True,Gailen Allan,Chairperson,"Agriculture, Aquaculture and Fisheries",2024,True
True,Gilles Godbout,member,"Agriculture, Aquaculture and Fisheries",2024,True
True,Jan Rademaker,member,"Agriculture, Aquaculture and Fisheries",2024,True
True,Jean-Marie Pelletier,member,"Agriculture, Aquaculture and Fisheries",2024,True
False,Rob Taylor,Director,Executive Council Office,2024,False
False,The Hon. Judge Anne-Marie Jacques,Judge,Justice and Public Safety,2024,False
False,Traci Simmons,Director,Executive Council Office,2024,False
False,Andrew McLaughlin,Vice-Chairperson,Executive Council Office,2024,False
False,Tracy Clinch,President of the Board,"Tourism, Heritage and Culture",2024,False
False,Sylvain Raymond,member,Finance and Treasury Board,2024,False
False,Stephen Manuel,Supervisor,Environment and Local Government,2024,False
True,David R. Ames,voting member of the Board of Directors,Justice and Public Safety,2024,False
False,John Herron,Minister of Natural Resources,Executive Council Office,2024,False
False,Emily Teed,"President, Member","Tourism, Heritage and Culture",2024,False
True,Peter Smith,Member of the Board of Directors,Education and Early Childhood Development,2024,False
True,Andrée Poitras,Vice-Chair representing the French language,Education and Early Childhood Development,2024,False
False,Andy Flanagan,member representing the public,Education and Early Childhood Development,2024,False
True,Bert Cyr,Vice-Chair representing the English language,Education and Early Childhood Development,2024,False
False,Cade Libby,Deputy Minister of Natural Resources and Energy Development,Executive Council Office,2024,False
False,Chantal LaFleur,member representing workers,Post-Secondary Education Training and Labour,2024,False
True,Cheryl Richardson,member representing anglophone teachers,Education and Early Childhood Development,2024,False
True,Ellen Culbert,member representing anglophone teachers,Education and Early Childhood Development,2024,False
False,Gaétan Guérette,member representing employers,Post-Secondary Education Training and Labour,2024,False
False,Héléne Savoie Chouinard,member representing francophone teachers,Education and Early Childhood Development,2024,False
False,Joel Dickinson,President,Executive Council Office,2024,False
True,Johanne Thériault-Paulin,Chair,Education and Early Childhood Development,2024,False
False,Barry Kyle,Chairperson,Executive Council Office,2024,False
True,Laurie LaForge,member representing anglophone teachers,Education and Early Childhood Development,2024,False
True,Michael MacMullin,member representing workers,Post-Secondary Education Training and Labour,2024,False
True,Michel Cété,member representing the public,Education and Early Childhood Development,2024,False
False,Michéle Hébert,member representing the public,Education and Early Childhood Development,2024,False
False,Roger Nesbitt,member representing the public,Education and Early Childhood Development,2024,False
True,Steeve Savoie,member representing the public,Education and Early Childhood Development,2024,False
False,Sylvie Lavoie,member representing francophone teachers,Education and Early Childhood Development,2024,False
True,Thomas Geburt,member representing the public,Education and Early Childhood Development,2024,False
False,Greg Turner,"Acting Minister of Post-Secondary Education, Training and Labour",Executive Council Office,2024,False
False,Mike Holland,Minister of Natural Resources and Energy Development,Executive Council Office,2024,True
False,Mike Holland,Acting Minister of Indigenous Affairs,Executive Council Office,2024,False
False,Greg Turner,Minister of Post-Secondary Education,Executive Council Office,2024,False
False,Luc Roy,judge,Justice and Public Safety,2024,False
False,Mike Holland,Minister of Indigenous Affairs,Executive Council Office,2024,False
True,Daniel Jardine,voting member of the Board of Directors,Justice and Public Safety,2024,False
False,Marie-Claude Imough,member representing francophone teachers,Education and Early Childhood Development,2024,False
False,Alexandra LeBreton,Vice-Chairperson,Post-Secondary Education Training and Labour,2024,False
True,Brent Thompson,member,Natural Resources and Energy Development,2024,True
False,Donna Redmond Gates,member,Environment and Local Government,2024,False
True,Lucie Robichaud,Alternate Member,Health,2024,False
False,Michel Fournier,member of the Board of Governors,Post-Secondary Education Training and Labour,2024,False
False,Monique Mallet-Boucher,Alternate Member,Health,2024,False
False,Pau! Saulnier,member of the Board of Governors,Post-Secondary Education Training and Labour,2024,False
True,Rina Arsenault,Member,Health,2024,False
True,Sergiy Ostashko,Psychiatrist Member,Health,2024,False
True,Shelley Dumouchel,Alternate Chair,Health,2024,False
True,Timothy Bell,member of the Board of Governors,Post-Secondary Education Training and Labour,2024,True
False,Glen Savoie,Minister of Environment and Climate Change,Executive Council Office,2024,False
True,Mary Ann Mackay,member of the Board of Directors,Education and Early Childhood Development,2024,True
False,Stephen Manuel,Supervisor,Environment and Local Government,2024,True
False,John P. Logan,part-time member,Natural Resources and Energy Development,2024,False
False,Céline Cormier,member,Intergovernmental Affairs,2024,False
True,Denise Frenette,member,Post-Secondary Education Training and Labour,2024,False
False,Kelly Richard,member,Post-Secondary Education Training and Labour,2024,False
False,Norelice Mboutou,member,Intergovernmental Affairs,2024,False
False,Sandrine Poulin,member,Post-Secondary Education Training and Labour,2024,False
True,Scott Grant,member,Post-Secondary Education Training and Labour,2024,False
False,Shayan Faal,member,Post-Secondary Education Training and Labour,2024,False
False,Anthony Coulombe,"Clerk of the Court of King's Bench of New Brunswick - Trial Division, Administrator of the Court of King's Bench of New Brunswick - Family Division and Clerk of the Probate Court of New Brunswick",Justice and Public Safety,2024,False
True,Bradley Cross,Director,"Tourism, Heritage and Culture",2024,False
False,Cathy Pugh,Director,"Tourism, Heritage and Culture",2024,False
True,Chantal Gauthier,Director,"Tourism, Heritage and Culture",2024,False
True,Christopher S. Bryniak,member,Justice and Public Safety,2024,False
False,Cynthia Robinson,Director,"Tourism, Heritage and Culture",2024,False
True,Lyne Raymond,Chairperson,Justice and Public Safety,2024,False
False,Melanie Patrick,Clerk of the Court of King's Bench of New Brunswick - Trial Division and Clerk of the Probate Court of New Brunswick,Justice and Public Safety,2024,False
False,Stephanie Pelletier,"Clerk of the Court of King's Bench of New Brunswick - Trial Division, Administrator of the Court of King's Bench of New Brunswick - Family Division and Clerk of the Probate Court of New Brunswick",Justice and Public Safety,2024,False
True,Susan Knight,Director,"Tourism, Heritage and Culture",2024,False
True,Luc Blacquiere,Member,Health,2024,False
True,Héléne Savoie-Louis,member of the Board of Governors,Post-Secondary Education Training and Labour,2024,False
True,Gary McLaughlin,Chair,Health,2024,False
False,Doris Roy,member of the Board of Governors,Post-Secondary Education Training and Labour,2024,False
False,Emilie Plourde,Deputy Registrar,Justice and Public Safety,2024,False
False,Jacques Dubé,member and Vice-Chairperson,Environment and Local Government,2024,False
True,Jane Kindred,member,Service New Brunswick,2024,True
False,Janik Collette Keddy,Deputy Registrar,Justice and Public Safety,2024,False
False,Jocelyn Chan,member,Service New Brunswick,2024,False
True,John MacGillivray,member,Service New Brunswick,2024,True
False,John Nugent,member,Environment and Local Government,2024,False
True,Louise Duguay-Lepage,Vice-Chairperson,Service New Brunswick,2024,False
True,Louise Duguay-Lepage,member,Service New Brunswick,2024,True
True,Mario Comeau,member,Natural Resources and Energy Development,2024,True
False,Natasha Ostaff,member,Executive Council Office,2024,False
False,Peter MacNutt,member,Natural Resources and Energy Development,2024,False
False,Sandy Ward,Vice-Chairperson,Justice and Public Safety,2024,False
True,Sandy Ward,member,Justice and Public Safety,2024,False
True,Brian Malone,member,Justice and Public Safety,2024,False
False,Tom Liston,member,Executive Council Office,2024,False
False,Rino Volpé,Chair,Health,2024,False
False,William Kaplan,Sustainable Pension Plan Authority,Finance and Treasury Board,2024,False
True,Chantal Cormier,Director,Natural Resources and Energy Development,2024,True
True,Nancy Whipp,Director,Natural Resources and Energy Development,2024,False
False,Patrick Oland,Director,Natural Resources and Energy Development,2024,False
True,Paul McCoy,Director,Natural Resources and Energy Development,2024,False
True,Scott Northard,Director,Natural Resources and Energy Development,2024,False
False,Wayne Power,Director,Natural Resources and Energy Development,2024,False
False,Glen Savoie,Acting Minister of Environment and Climate Change,Executive Council Office,2024,False
False,Andrew Dawson,Vice-Chair,Post-Secondary Education Training and Labour,2024,False
False,Ari Kaplan,Sustainable Pension Plan Authority,Finance and Treasury Board,2024,False
True,Bernard LeBlanc,Vice-Chair,Post-Secondary Education Training and Labour,2024,True
True,Brian Bruce,Vice-Chair,Post-Secondary Education Training and Labour,2024,True
True,Donald Cullinan,Chair,Health,2024,False
False,Troy Stone,member,Environment and Local Government,2024,False
False,Martha O'Sullivan,Deputy Minister of Indigenous Affairs,Executive Council Office,2024,False
